    0.31312335
   -0.65398092
    0.27484234
    0.31434001
   -0.60144764
    0.27694372
    0.30136864
   -0.60642566
    0.34002203
    0.31193875
   -0.59817898
    0.32355732
    0.31582338
   -0.62657875
    0.28165280
    0.28747319
   -0.63004515
    0.34658709
    0.28646982
   -0.59886465
    0.33455824
    0.25919902
   -0.59103728
    0.31017333
    0.31396669
   -0.64107584
    0.30825314
    0.30099316
   -0.56134336
    0.29892348
    0.29995315
   -0.57583537
    0.31474134
    0.30541622
   -0.60132443
    0.26581780
