           1           2  0.832588347121500     
           2           3  0.896970174600522     
           4           5  0.825680335996881     
           5           6  0.919194155932813     
           7           8  0.902866995446159     
           8           9  0.818273664156227     
          10          11  0.897171883877822     
          11          12  0.842314208671896     
          13          14  0.836871226183268     
          14          15  0.903248940566063     
          16          17  0.914248117947683     
          17          18  0.792549011008397     
          19          20  0.913069516040067     
          20          21  0.833153930452684     
          22          23  0.931813080561103     
          23          24  0.869400396894102     
          25          26  0.837533586124243     
          26          27  0.864328921669074     
          28          29  0.905884348228502     
          29          30  0.905984690085583     
          31          32  0.908345553722561     
          32          33  0.887487072564667     
          34          35  0.861207828644386     
          35          36  0.928051164072042     
