           1           2  0.902102884863184     
           2           3  0.907847095953799     
           4           5  0.909594054351029     
           5           6  0.833756983544809     
           7           8  0.840220135203299     
           8           9  0.918319924417335     
          10          11  0.914920451574254     
          11          12  0.855741631779102     
          13          14  0.844913061349329     
          14          15  0.873460965215464     
          16          17  0.859002638531099     
          17          18  0.886863470177102     
          19          20  0.887661470868278     
          20          21  0.917717203687171     
          22          23  0.880498913493670     
          23          24  0.927806289573242     
