    0.31327360
   -0.65359808
    0.27448421
    0.31434555
   -0.60131035
    0.27703759
    0.30114314
   -0.60700274
    0.33975180
    0.31195599
   -0.59833876
    0.32354988
    0.31578634
   -0.62656722
    0.28164528
    0.28778462
   -0.62925477
    0.34690543
    0.28638889
   -0.59928727
    0.33439449
    0.25917928
   -0.59124227
    0.31019000
    0.31399300
   -0.64072039
    0.30825397
    0.30096912
   -0.56144843
    0.29892020
    0.29999194
   -0.57596263
    0.31466464
    0.30544571
   -0.60116379
    0.26584202
