           1           2  0.832292068371562     
           2           3  0.897766120253196     
           4           5  0.825910402307179     
           5           6  0.919179148736701     
           7           8  0.903158662230488     
           8           9  0.818314067858847     
          10          11  0.897128011593584     
          11          12  0.842655487484604     
          13          14  0.837156300702306     
          14          15  0.903350986231225     
          16          17  0.914046011443380     
          17          18  0.793157480250787     
          19          20  0.913159890394531     
          20          21  0.832632524323740     
          22          23  0.931838949873015     
          23          24  0.869071926364414     
          25          26  0.837490730219653     
          26          27  0.864791353302117     
          28          29  0.905926267881051     
          29          30  0.905995780816197     
          31          32  0.908312547830497     
          32          33  0.887495197646291     
          34          35  0.861525285264130     
          35          36  0.928080634603444     
