           1           2  0.849131760077915     
           2           3  0.919480057652362     
           4           5  0.901552306885563     
           5           6  0.882165572453475     
           7           8  0.897570446919139     
           8           9  0.904607896738406     
          10          11  0.854738230029164     
          11          12  0.911026120749501     
          13          14  0.901447212645852     
          14          15  0.828288168101422     
          16          17  0.876219066531681     
          17          18  0.925521197678182     
          19          20  0.854595162019805     
          20          21  0.921043175656616     
          22          23  0.900180577664391     
          23          24  0.916098287110172     
