$hessian                                                                        
        0.0736966959  -0.0211219935   0.0831725321  -0.0851899392   0.0279668685
       -0.1127660807   0.0109494971  -0.0084560187   0.0313863601  -0.0001087225
        0.0001263145  -0.0005935618  -0.0018546650  -0.0008810807   0.0005598202
        0.0027121158   0.0015852842  -0.0006965075   0.0002813855  -0.0000309341
       -0.0003472418   0.0001969307  -0.0000840269   0.0003413659   0.0002811035
       -0.0001155326  -0.0001550905   0.0001327531   0.0000716812  -0.0001693108
       -0.0002207235   0.0001871573   0.0000355569   0.0000806644   0.0000341264
       -0.0002277108   0.0001844329   0.0000468680  -0.0000048172   0.0001040179
       -0.0000684095   0.0000524587   0.0002130276  -0.0000494819  -0.0000406572
       -0.0002422227   0.0000157072  -0.0005121651   0.0001293172   0.0002771045
        0.0002755756  -0.0001083425   0.0000696263  -0.0001164781  -0.0000235682
       -0.0000739300  -0.0000705942  -0.0000144609   0.0000887540   0.0001766636
        0.0000426581  -0.0000662861  -0.0000641571  -0.0006704864  -0.0005472582
        0.0000119331   0.0003576785   0.0011142814  -0.0006941580  -0.0009291472
       -0.0000888212   0.0004462648
       -0.0211219935   0.0350069394  -0.0846527400   0.0190523305  -0.0353275304
        0.0790672052   0.0011089257  -0.0016549221   0.0063154459   0.0001913154
        0.0000298947   0.0001514068  -0.0022088284  -0.0012069129  -0.0007137772
        0.0027877736   0.0025101513   0.0008895438  -0.0001122066   0.0002877138
       -0.0000324760  -0.0001323030  -0.0002298947   0.0000978129   0.0000960536
        0.0003319325   0.0001612196  -0.0001040353   0.0001969929  -0.0000869762
        0.0001950146  -0.0001678576   0.0000358181  -0.0001083033   0.0001265309
       -0.0000796456   0.0000543299   0.0001426243  -0.0000061272   0.0000498253
        0.0001338240   0.0000950849  -0.0001954559   0.0001426667  -0.0001879687
       -0.0001313607   0.0001516487  -0.0001561246   0.0005175124  -0.0002922769
        0.0001215804  -0.0001892897   0.0000080823  -0.0000859998  -0.0001129789
        0.0001223661  -0.0001946304   0.0000373307  -0.0000158436  -0.0000875831
       -0.0000533839   0.0002208481  -0.0002074954  -0.0005145182  -0.0002710162
        0.0000660544   0.0007393481  -0.0001642601  -0.0008019319   0.0001548976
       -0.0000817012   0.0002923039
        0.0831725321  -0.0846527400   0.3392379403  -0.0769410973   0.0789721924
       -0.3141312531  -0.0039713688   0.0064857677  -0.0236766413   0.0000480025
       -0.0000234654  -0.0001486235   0.0001520013  -0.0004201805   0.0005296907
       -0.0021609633  -0.0000430844  -0.0019378498  -0.0000312996   0.0001435459
        0.0000152494   0.0000227028  -0.0000197003   0.0000330332  -0.0000885732
        0.0000551284   0.0001416436  -0.0001274872  -0.0000485334   0.0000783354
        0.0002436400   0.0000637295  -0.0000676634  -0.0000815351   0.0000020910
        0.0000474602  -0.0000988486   0.0000768349  -0.0001246193  -0.0000155075
        0.0000367351   0.0000544333  -0.0000355878   0.0000107318   0.0000130168
       -0.0002580204  -0.0000639246  -0.0000715820   0.0002240265  -0.0000674140
       -0.0000953758  -0.0000707992  -0.0000411158   0.0000542266  -0.0000355027
       -0.0000083600   0.0000232397  -0.0000064545   0.0000796189  -0.0001673521
       -0.0000182295   0.0000300274   0.0000250659   0.0000231338  -0.0000025250
        0.0001510098  -0.0003519179  -0.0005262790  -0.0000869437   0.0004071536
       -0.0000390808   0.0001035591
       -0.0851899392   0.0190523305  -0.0769410973   0.4157736301   0.0316876478
       -0.0676612815  -0.3144944969  -0.0425162273   0.1516276109   0.0006297835
       -0.0008176342  -0.0000074704  -0.0136508059  -0.0076286919  -0.0092385617
       -0.0034988834  -0.0003489231   0.0006971387  -0.0009644558  -0.0000351910
        0.0027982074   0.0005107972   0.0000536312  -0.0016162364  -0.0002833354
       -0.0001447908   0.0004112921   0.0000501356  -0.0000332664   0.0000453488
       -0.0002151367  -0.0004212864  -0.0000762351   0.0000898585   0.0002021872
        0.0003299319  -0.0002296926   0.0004864881   0.0003902199  -0.0002151581
       -0.0004017504  -0.0004952496  -0.0000679805   0.0002399270   0.0001224641
        0.0010159381   0.0017270649  -0.0010239053  -0.0003929768  -0.0013524666
        0.0008707607   0.0003606367   0.0003487181   0.0000497779  -0.0000441424
        0.0001425559   0.0000163924   0.0000644041  -0.0001760504  -0.0000449816
       -0.0000965651   0.0000364127   0.0000195855   0.0000183235   0.0003608297
       -0.0004017182   0.0007115715  -0.0003104025   0.0006046812   0.0001184900
       -0.0001511120  -0.0004766743
        0.0279668685  -0.0353275304   0.0789721924   0.0316876478   0.0601098515
       -0.1133919687  -0.0525933948  -0.0168522587   0.0378432584  -0.0002413975
       -0.0007478211  -0.0000382969  -0.0068794168   0.0010396083  -0.0041215235
       -0.0009714947  -0.0074123128  -0.0007631950   0.0000098075  -0.0009463527
        0.0016849738  -0.0000635514   0.0005970768  -0.0010540776  -0.0002511751
       -0.0001479367  -0.0000489482   0.0001010013  -0.0001716600  -0.0000252949
       -0.0002555887  -0.0002546783  -0.0000417018   0.0003219356  -0.0000539970
        0.0002160654   0.0002127841  -0.0002674560   0.0003909919  -0.0001918801
       -0.0001073484  -0.0004727189   0.0000860502   0.0000393658   0.0002433603
        0.0012413197   0.0003439070  -0.0004553417  -0.0011521977  -0.0000319552
        0.0004822935   0.0004746455   0.0001143678   0.0000343232   0.0003114498
        0.0001333931   0.0001612650   0.0000968664  -0.0004301558   0.0000309213
        0.0001425261  -0.0000555978   0.0001488533   0.0006511422   0.0002765541
       -0.0004878383  -0.0008104324   0.0000285104   0.0010349671   0.0001064846
        0.0001244264  -0.0003425600
       -0.1127660807   0.0790672052  -0.3141312531  -0.0676612815  -0.1133919687
        0.4718418378   0.1871369708   0.0380676256  -0.1502812060   0.0005060875
       -0.0001662175  -0.0008825281  -0.0091341689  -0.0043328144  -0.0001137942
        0.0010606267  -0.0001616729  -0.0056810426   0.0006547712   0.0001570417
        0.0009924145  -0.0004262542  -0.0006698750  -0.0010050400   0.0002172765
        0.0000258631   0.0002708755  -0.0000315600  -0.0000039811  -0.0001029553
       -0.0000415829  -0.0000493263   0.0000028253   0.0002248909   0.0001605473
       -0.0001058323   0.0005159323   0.0004871451   0.0001442092  -0.0003177337
       -0.0005280210  -0.0001986165   0.0001930137   0.0002159291   0.0000957551
        0.0005597792   0.0008811457  -0.0014125401  -0.0001033360  -0.0002392720
        0.0010490586  -0.0000027085   0.0001696118  -0.0001407517   0.0000493549
        0.0001100533   0.0000273025   0.0000118524  -0.0003367148   0.0000027441
        0.0000599554   0.0000217936   0.0000525646  -0.0006439363  -0.0003298228
       -0.0003429619   0.0006824383   0.0009701243  -0.0002065917  -0.0007443071
       -0.0001243994   0.0001255264
        0.0109494971   0.0011089257  -0.0039713688  -0.3144944969  -0.0525933948
        0.1871369708   0.3051890788   0.0518890918  -0.1843063296  -0.0002069635
       -0.0003230548   0.0003650707  -0.0001926962   0.0001495696  -0.0016683579
       -0.0009257560  -0.0001284864   0.0021154546  -0.0006600693  -0.0003276147
        0.0000446959   0.0004913650   0.0006677190   0.0001625531  -0.0001837176
       -0.0002562563  -0.0000583551   0.0000490932  -0.0000502643   0.0000439033
       -0.0000394172   0.0000491392   0.0000051495  -0.0000471472  -0.0000634543
        0.0000735761  -0.0003524818  -0.0001686876  -0.0000429294   0.0000909628
        0.0001723869   0.0000368758   0.0000421879  -0.0000861277  -0.0000134454
       -0.0001390215  -0.0000264963   0.0002546926   0.0001229555   0.0000048288
       -0.0001584921   0.0000518378  -0.0000658332   0.0000257856  -0.0000043135
       -0.0001052528   0.0000138753  -0.0000455837   0.0002549546  -0.0000244603
       -0.0000201964  -0.0000945322   0.0000061129   0.0001349311   0.0000883089
        0.0000331857   0.0001826549   0.0000102094  -0.0000280911   0.0000072968
       -0.0001056786  -0.0000460722
       -0.0084560187  -0.0016549221   0.0064857677  -0.0425162273  -0.0168522587
        0.0380676256   0.0518890918   0.0177483972  -0.0451919382   0.0002916365
        0.0000440190  -0.0001394514  -0.0013694175  -0.0009733676  -0.0008093514
        0.0003220490   0.0015167822   0.0015280738  -0.0002137056   0.0003576078
       -0.0001192004   0.0000259209  -0.0006573755   0.0001345623   0.0002768928
        0.0001864942  -0.0000098873  -0.0001214835   0.0001135415   0.0000233612
        0.0001690774  -0.0000647170   0.0000224227  -0.0001232007   0.0000723261
       -0.0000102508   0.0000993477  -0.0000478728  -0.0000654475   0.0001768307
       -0.0000413672   0.0000933563  -0.0002203271  -0.0000523217  -0.0000385996
       -0.0000906052   0.0000935698  -0.0000216709   0.0002480971  -0.0000062934
       -0.0000434043  -0.0002055509   0.0000798572   0.0000017533  -0.0001433025
        0.0000696721   0.0000162099   0.0000716486  -0.0001996885   0.0001392328
       -0.0000619824   0.0000872589   0.0000300494  -0.0002072968   0.0000764477
        0.0000945422  -0.0000481808  -0.0000968190  -0.0001972207   0.0002067065
        0.0002010299   0.0000094654
        0.0313863601   0.0063154459  -0.0236766413   0.1516276109   0.0378432584
       -0.1502812060  -0.1843063296  -0.0451919382   0.1720022658  -0.0001478132
       -0.0000068954   0.0000633690  -0.0016216032  -0.0002478845  -0.0013636625
        0.0033592222   0.0014413032   0.0027216621  -0.0003972694  -0.0001480811
        0.0002795069   0.0004766028   0.0004679890  -0.0000348081  -0.0001130334
       -0.0001589988   0.0000868808  -0.0001449463  -0.0000815382   0.0001158851
        0.0002392397   0.0001235167  -0.0001223552  -0.0000999607  -0.0000591556
        0.0001148679  -0.0002623681  -0.0002314894  -0.0001423961   0.0001138414
        0.0001639230  -0.0000065742  -0.0000246369  -0.0000914581   0.0000785508
       -0.0001603918  -0.0001384188   0.0000811381   0.0000826385   0.0000578894
       -0.0001006666  -0.0000384870  -0.0000321675   0.0000879564  -0.0000136560
       -0.0000468234   0.0001042937  -0.0000429221   0.0001134527  -0.0001879600
       -0.0000076208  -0.0000318867   0.0001036879   0.0000854175  -0.0000082055
        0.0000640009  -0.0000747121  -0.0001065197  -0.0000504637   0.0000848174
        0.0000546826   0.0000626683
       -0.0001087225   0.0001913154   0.0000480025   0.0006297835  -0.0002413975
        0.0005060875  -0.0002069635   0.0002916365  -0.0001478132   0.1546062369
       -0.1688438265  -0.0386034198  -0.1287607180   0.1367535235   0.0319962302
       -0.0280204870   0.0317034652   0.0047342530   0.0002166318   0.0013696774
        0.0025086639  -0.0005455391  -0.0008746631  -0.0008112325   0.0001586449
        0.0001119049   0.0001466210   0.0001925465  -0.0002095033  -0.0000115928
       -0.0001753495   0.0003392038   0.0001066020   0.0001996359  -0.0003092566
       -0.0003105509   0.0003360713   0.0004627438  -0.0000729677  -0.0003690915
       -0.0001220269   0.0003501387   0.0002103423  -0.0000789039  -0.0001065413
        0.0024273336   0.0002085594  -0.0004535223  -0.0013636756  -0.0002139289
       -0.0000488370   0.0000891324  -0.0004381586   0.0000676037   0.0001980502
       -0.0002063117  -0.0000475449   0.0000191198   0.0002329457   0.0000242929
        0.0001965841  -0.0001475797  -0.0000379033   0.0003103496   0.0002087273
        0.0001126548  -0.0002643007  -0.0001784425   0.0001195617   0.0000243846
       -0.0000097038  -0.0000687863
        0.0001263145   0.0000298947  -0.0000234654  -0.0008176342  -0.0007478211
       -0.0001662175  -0.0003230548   0.0000440190  -0.0000068954  -0.1688438265
        0.2835683672   0.0793492094   0.1637699739  -0.2855773453  -0.0802499979
        0.0046595715   0.0055304825   0.0016306709   0.0013279645   0.0003472847
       -0.0019106833  -0.0007477082  -0.0002416436   0.0009172360  -0.0000258394
        0.0003380780  -0.0002249552   0.0001244993  -0.0000103360   0.0000463530
       -0.0000750571   0.0004209883   0.0003114038   0.0001472091  -0.0002567035
       -0.0004567547   0.0003242073   0.0001368628  -0.0000490843  -0.0003070288
        0.0000666026   0.0004484108   0.0000913845   0.0000839333  -0.0000933145
        0.0008444401  -0.0043201294   0.0009738527  -0.0005516249   0.0012022932
       -0.0005844164   0.0000586164  -0.0004505133   0.0000594734   0.0001237276
       -0.0000813171  -0.0001025911  -0.0000896967   0.0001324374   0.0000360583
        0.0000350482  -0.0000170576  -0.0000850233   0.0002544488  -0.0002648156
        0.0003045212  -0.0001700003   0.0000037340  -0.0004042680   0.0000640650
        0.0000627048   0.0002804776
       -0.0005935618   0.0001514068  -0.0001486235  -0.0000074704  -0.0000382969
       -0.0008825281   0.0003650707  -0.0001394514   0.0000633690  -0.0386034198
        0.0793492094   0.0417878081   0.0457856939  -0.0899179379  -0.0481487063
       -0.0084403378   0.0108867737   0.0078017238   0.0019725683  -0.0027862273
        0.0002330136  -0.0003044169   0.0009303488  -0.0006697303   0.0000191866
       -0.0001125278  -0.0009617141  -0.0000411392  -0.0002127545   0.0000842908
       -0.0000826419   0.0003724846  -0.0004253270  -0.0000800628  -0.0003797325
        0.0002769164  -0.0000623152  -0.0008848660  -0.0002844664   0.0002381543
        0.0006389127   0.0001005772  -0.0000125245  -0.0002371763   0.0001654293
       -0.0001517793   0.0021707849   0.0014113421  -0.0002127274  -0.0003699763
       -0.0007017670   0.0002264751   0.0001164464   0.0001342797   0.0000368043
       -0.0000737124   0.0001697667  -0.0000354348   0.0001609631  -0.0000151726
       -0.0000075988  -0.0001109138   0.0001125573   0.0000378725   0.0005560491
       -0.0001226146  -0.0000805547  -0.0002650954   0.0005971682   0.0000341593
        0.0001952888  -0.0005775922
       -0.0018546650  -0.0022088284   0.0001520013  -0.0136508059  -0.0068794168
       -0.0091341689  -0.0001926962  -0.0013694175  -0.0016216032  -0.1287607180
        0.1637699739   0.0457856939   0.4296769563  -0.0788013805   0.0731994000
       -0.2735959238  -0.0699823705  -0.1186792072  -0.0065851736  -0.0005257331
       -0.0009189057   0.0040131194   0.0009569922   0.0050156622  -0.0003046824
       -0.0005459744  -0.0000214432  -0.0003869929   0.0003452333  -0.0001298303
       -0.0001819811  -0.0010682814  -0.0010092964  -0.0003048737   0.0008496181
        0.0014081521  -0.0016360637  -0.0011561029   0.0003426662   0.0012054398
        0.0002324589  -0.0015411918  -0.0003907467   0.0000254162   0.0003469100
       -0.0039147702   0.0031784940  -0.0018971619  -0.0019616070  -0.0088303569
        0.0087513926   0.0003275123   0.0015569709   0.0006402021  -0.0005946402
        0.0004313929   0.0002827279   0.0000530608  -0.0001999752  -0.0002382446
       -0.0004715905   0.0001617111   0.0001856982  -0.0015530667  -0.0001769304
       -0.0010090058   0.0015275802   0.0005387732   0.0002829809  -0.0004626714
       -0.0003022668  -0.0001934280
       -0.0008810807  -0.0012069129  -0.0004201805  -0.0076286919   0.0010396083
       -0.0043328144   0.0001495696  -0.0009733676  -0.0002478845   0.1367535235
       -0.2855773453  -0.0899179379  -0.0788013805   0.3549841666   0.1163878419
       -0.0428970548  -0.0556683805  -0.0311887917  -0.0000795170  -0.0064433822
       -0.0022130373   0.0006821598   0.0050325556   0.0027192197  -0.0004908950
       -0.0005006235  -0.0005952998  -0.0000322873  -0.0002516141  -0.0001598024
       -0.0009059045  -0.0003539676  -0.0010218138   0.0005051970  -0.0001880843
        0.0012765652  -0.0011089785  -0.0023167375   0.0005477752   0.0005205665
        0.0010871494  -0.0017020390   0.0000007758  -0.0000480161   0.0006504729
        0.0010246611  -0.0040174386   0.0003057079  -0.0077554022  -0.0056189798
        0.0095055604   0.0011951923   0.0008068987   0.0009251228   0.0001748822
        0.0003808376   0.0003549635   0.0000855690  -0.0002973062  -0.0003839302
       -0.0000428498  -0.0000266605   0.0002200133  -0.0008160347  -0.0003083742
       -0.0013770302   0.0006432550   0.0006491052   0.0008513791  -0.0002952749
       -0.0001831304  -0.0001840603
        0.0005598202  -0.0007137772   0.0005296907  -0.0092385617  -0.0041215235
       -0.0001137942  -0.0016683579  -0.0008093514  -0.0013636625   0.0319962302
       -0.0802499979  -0.0481487063   0.0731994000   0.1163878419   0.1606137153
       -0.1054319945  -0.0403578680  -0.0782738082  -0.0010909067   0.0000848643
        0.0027443049   0.0037114686   0.0007909858  -0.0246693128   0.0006333788
       -0.0003684173   0.0009521500   0.0004847609   0.0003897232  -0.0001069615
       -0.0002130962  -0.0002062671   0.0021727720   0.0010702297   0.0009912849
       -0.0018680905   0.0022249024   0.0045527411   0.0010441403  -0.0024962702
       -0.0032404016   0.0000312238   0.0003209080   0.0016073707  -0.0003724738
       -0.0015529790  -0.0022164364  -0.0057073789   0.0084088723   0.0102574834
       -0.0058508186  -0.0012358223  -0.0013734523  -0.0016193800   0.0000877028
        0.0002531247  -0.0007698104   0.0000067424  -0.0011620377   0.0005327761
        0.0000827215   0.0004032871  -0.0004431258   0.0004637730  -0.0011159803
        0.0014387414  -0.0002583685   0.0003970327  -0.0017578374  -0.0000645537
       -0.0001802292   0.0010056464
        0.0027121158   0.0027877736  -0.0021609633  -0.0034988834  -0.0009714947
        0.0010606267  -0.0009257560   0.0003220490   0.0033592222  -0.0280204870
        0.0046595715  -0.0084403378  -0.2735959238  -0.0428970548  -0.1054319945
        0.3047558927   0.0387536347   0.1141785138   0.0022987825   0.0004969515
       -0.0072953166  -0.0012798221   0.0001111231   0.0032688160   0.0000204630
        0.0000032497  -0.0003178001   0.0001226047  -0.0001144300   0.0000876825
        0.0001724020   0.0005087125   0.0002845461  -0.0000805984  -0.0002975394
       -0.0003801994  -0.0000609477  -0.0003502927  -0.0004391792   0.0000970933
        0.0004950873   0.0007111427   0.0001516757  -0.0002914379  -0.0001698766
       -0.0034912567  -0.0043945303   0.0026214762   0.0008285976   0.0019002034
       -0.0016441989  -0.0002627754  -0.0004903236   0.0000844018   0.0001317902
       -0.0003189627  -0.0000657157  -0.0001070596   0.0004917887   0.0000682483
        0.0001468983  -0.0001618479  -0.0000551255   0.0005485879  -0.0003087549
        0.0007309125  -0.0008424963  -0.0000525893  -0.0004616104   0.0001791027
        0.0001191131   0.0004067293
        0.0015852842   0.0025101513  -0.0000430844  -0.0003489231  -0.0074123128
       -0.0001616729  -0.0001284864   0.0015167822   0.0014413032   0.0317034652
        0.0055304825   0.0108867737  -0.0699823705  -0.0556683805  -0.0403578680
        0.0387536347   0.0524541321   0.0289023272   0.0004632101   0.0021750452
       -0.0012054861  -0.0004684799  -0.0015158470   0.0007924679   0.0003161513
        0.0002675157   0.0001478007  -0.0001181092   0.0001394818   0.0000556994
        0.0004620214   0.0000342335   0.0001329363  -0.0003123797   0.0000994791
       -0.0002335580   0.0000719322   0.0003868056  -0.0003362011   0.0002180156
       -0.0000668316   0.0005694836  -0.0001707930  -0.0001245637  -0.0002518289
       -0.0020101327   0.0006248345  -0.0003635003   0.0008853255  -0.0007383300
       -0.0001866191  -0.0005915737  -0.0001176609   0.0000487311  -0.0002170854
       -0.0001122136  -0.0000943060   0.0000322672   0.0001620286   0.0001399471
       -0.0000168454   0.0000549137  -0.0000608109  -0.0002428624  -0.0000076184
        0.0006465013  -0.0001234631  -0.0003150659  -0.0006218077   0.0002401972
        0.0001229386   0.0001527719
       -0.0006965075   0.0008895438  -0.0019378498   0.0006971387  -0.0007631950
       -0.0056810426   0.0021154546   0.0015280738   0.0027216621   0.0047342530
        0.0016306709   0.0078017238  -0.1186792072  -0.0311887917  -0.0782738082
        0.1141785138   0.0289023272   0.0764069294  -0.0026533317  -0.0002507399
       -0.0035966356   0.0004317639   0.0006759765   0.0008912112   0.0000458009
       -0.0002012787  -0.0005619093  -0.0001531672  -0.0001348576   0.0001434026
        0.0002970046   0.0002696810  -0.0003086783  -0.0003250271  -0.0002241980
        0.0002773449  -0.0006886923  -0.0008901540  -0.0005403984   0.0006619150
        0.0007231614   0.0002913377  -0.0001252140  -0.0004147000   0.0000270984
       -0.0005345881  -0.0016362336   0.0036870410   0.0002943606   0.0008675934
       -0.0019131809  -0.0000066881  -0.0000187919   0.0000824082  -0.0000496147
       -0.0001676430   0.0001641979  -0.0000347547   0.0003991920  -0.0001260262
       -0.0000068597  -0.0001049468   0.0001121822   0.0006936951   0.0006777064
        0.0000592714  -0.0006312847  -0.0007181253   0.0007308159   0.0004350367
        0.0001497293  -0.0004570972
        0.0002813855  -0.0001122066  -0.0000312996  -0.0009644558   0.0000098075
        0.0006547712  -0.0006600693  -0.0002137056  -0.0003972694   0.0002166318
        0.0013279645   0.0019725683  -0.0065851736  -0.0000795170  -0.0010909067
        0.0022987825   0.0004632101  -0.0026533317   0.0479027488  -0.0166473630
       -0.0309344382  -0.0469973313   0.0155358446   0.0656940037   0.0037640642
        0.0014312478  -0.0320384805   0.0000302981  -0.0001474902  -0.0000002285
        0.0000698093   0.0004984596  -0.0000859077  -0.0000490574  -0.0005801307
       -0.0001535022   0.0014817420  -0.0016206972  -0.0018441521  -0.0005963970
        0.0005127330   0.0007173708   0.0002224886  -0.0001465276  -0.0000807669
       -0.0000796932  -0.0005001876   0.0006692495  -0.0001634085   0.0004371264
       -0.0005922014  -0.0000393038  -0.0002693526   0.0000780996   0.0002087015
       -0.0002547939   0.0000383318  -0.0001692499   0.0004433629  -0.0000785517
        0.0001625843  -0.0002007921   0.0000071589   0.0000389862   0.0000190377
        0.0001796226  -0.0001515357   0.0000901360  -0.0002052959  -0.0002225473
        0.0000038340   0.0001751559
       -0.0000309341   0.0002877138   0.0001435459  -0.0000351910  -0.0009463527
        0.0001570417  -0.0003276147   0.0003576078  -0.0001480811   0.0013696774
        0.0003472847  -0.0027862273  -0.0005257331  -0.0064433822   0.0000848643
        0.0004969515   0.0021750452  -0.0002507399  -0.0166473630   0.0309772743
        0.0067556438   0.0160961745  -0.0268372919  -0.0224539335  -0.0000389225
        0.0020694900   0.0220301517  -0.0000614254  -0.0000880178   0.0001013375
        0.0006051931   0.0001751472  -0.0002609914  -0.0007063349  -0.0002543077
        0.0000648633  -0.0004969457  -0.0005626659  -0.0044701887   0.0003314831
       -0.0004158600   0.0013338695  -0.0003469368  -0.0005865728  -0.0003112134
       -0.0001533453   0.0001662675   0.0005234002   0.0002943690  -0.0001999290
       -0.0005315907  -0.0002153268  -0.0002129664   0.0002047154  -0.0000704920
       -0.0002244362  -0.0000541141   0.0001198382   0.0005529617  -0.0000969060
        0.0001370008   0.0000125084  -0.0001263195   0.0001280400  -0.0000457468
        0.0002086465  -0.0000685575  -0.0002313029  -0.0000906215   0.0001463954
       -0.0000724683  -0.0000271525
       -0.0003472418  -0.0000324760   0.0000152494   0.0027982074   0.0016849738
        0.0009924145   0.0000446959  -0.0001192004   0.0002795069   0.0025086639
       -0.0019106833   0.0002330136  -0.0009189057  -0.0022130373   0.0027443049
       -0.0072953166  -0.0012054861  -0.0035966356  -0.0309344382   0.0067556438
        0.3526350175   0.0384972182  -0.0033296411  -0.3301594236  -0.0034977185
        0.0034330637  -0.0207318047  -0.0002613427  -0.0002138108   0.0000288967
        0.0001122341  -0.0000000903  -0.0014615831  -0.0005209510  -0.0003209810
        0.0017772174  -0.0041258885  -0.0079671825  -0.0013674298   0.0030769297
        0.0037365744  -0.0011529415  -0.0003074701  -0.0010868498   0.0005319297
        0.0026018240   0.0034667630  -0.0026102526  -0.0017709267  -0.0022286015
        0.0016210347   0.0005550828   0.0006822769   0.0003942652   0.0000189648
       -0.0000387639   0.0004257172  -0.0000150989   0.0008397836  -0.0006020707
       -0.0000226817  -0.0002044245   0.0002078793  -0.0000634677   0.0004974381
       -0.0006044774  -0.0001474073  -0.0003288679   0.0009499233   0.0000150345
        0.0001035791  -0.0005497513
        0.0001969307  -0.0001323030   0.0000227028   0.0005107972  -0.0000635514
       -0.0004262542   0.0004913650   0.0000259209   0.0004766028  -0.0005455391
       -0.0007477082  -0.0003044169   0.0040131194   0.0006821598   0.0037114686
       -0.0012798221  -0.0004684799   0.0004317639  -0.0469973313   0.0160961745
        0.0384972182   0.3097240770  -0.1623038124   0.0372383959  -0.2545408521
        0.1541923497  -0.0791751691   0.0000647965   0.0004556575  -0.0001908889
       -0.0004823101  -0.0006566499   0.0012197473   0.0008941138   0.0009009090
       -0.0016389986  -0.0029735948   0.0057754146   0.0007832142  -0.0076491424
       -0.0149741342  -0.0004128319  -0.0008005070   0.0017710298  -0.0001809988
       -0.0005136227   0.0000576792  -0.0004037112   0.0004815619  -0.0000287124
        0.0006562982  -0.0001770629   0.0002325155  -0.0004278610  -0.0003302216
        0.0005012310  -0.0002300026   0.0002693492  -0.0017453159   0.0003957181
       -0.0002872234   0.0003766619   0.0001237821  -0.0003385466  -0.0000268451
       -0.0001867540   0.0004674494   0.0001837794  -0.0000854662  -0.0001977839
       -0.0001039704   0.0001064413
       -0.0000840269  -0.0002298947  -0.0000197003   0.0000536312   0.0005970768
       -0.0006698750   0.0006677190  -0.0006573755   0.0004679890  -0.0008746631
       -0.0002416436   0.0009303488   0.0009569922   0.0050325556   0.0007909858
        0.0001111231  -0.0015158470   0.0006759765   0.0155358446  -0.0268372919
       -0.0033296411  -0.1623038124   0.1522059671  -0.0516500961   0.1584810477
       -0.1157986160   0.0528767810   0.0004289343   0.0002477968  -0.0002403643
       -0.0015625906  -0.0000883031   0.0019444781   0.0018933289   0.0005714948
       -0.0026480997   0.0041132716   0.0025571089   0.0009331624  -0.0156070465
       -0.0171392225   0.0000032698  -0.0009982529   0.0028307219  -0.0002632838
       -0.0003762450  -0.0010774811  -0.0000190658   0.0000889245   0.0010066590
        0.0004421654  -0.0000213876  -0.0000673603  -0.0005362402  -0.0000869345
        0.0007653810  -0.0005279556   0.0000986369  -0.0029319783   0.0009660581
       -0.0002960955   0.0006142220  -0.0000334954  -0.0001890421  -0.0002111487
       -0.0002110356  -0.0000154809   0.0003022287   0.0002705389  -0.0000138758
        0.0000649503  -0.0001529007
        0.0003413659   0.0000978129   0.0000330332  -0.0016162364  -0.0010540776
       -0.0010050400   0.0001625531   0.0001345623  -0.0000348081  -0.0008112325
        0.0009172360  -0.0006697303   0.0050156622   0.0027192197  -0.0246693128
        0.0032688160   0.0007924679   0.0008912112   0.0656940037  -0.0224539335
       -0.3301594236   0.0372383959  -0.0516500961   0.4431974890  -0.1084982177
        0.0718249883  -0.0856921849   0.0001097727  -0.0000183125   0.0001112063
        0.0001020185   0.0003105561   0.0009282512   0.0000678326  -0.0000875550
       -0.0011623833   0.0012933091   0.0024761605  -0.0066111923  -0.0025278399
       -0.0025626593   0.0053640109  -0.0000697378   0.0007696250  -0.0008119190
       -0.0015147011  -0.0021918828   0.0017641422   0.0012974451   0.0014080444
       -0.0011854810  -0.0002882309  -0.0006097346  -0.0000982824  -0.0000546152
       -0.0000686161  -0.0003872823  -0.0000493250  -0.0003073800   0.0003743364
        0.0000012889   0.0002427745  -0.0002902006   0.0002479694  -0.0004946267
        0.0003948863   0.0003617484   0.0000602069  -0.0006088105   0.0002279549
       -0.0002547803   0.0003274843
        0.0002811035   0.0000960536  -0.0000885732  -0.0002833354  -0.0002511751
        0.0002172765  -0.0001837176   0.0002768928  -0.0001130334   0.0001586449
       -0.0000258394   0.0000191866  -0.0003046824  -0.0004908950   0.0006333788
        0.0000204630   0.0003161513   0.0000458009   0.0037640642  -0.0000389225
       -0.0034977185  -0.2545408521   0.1584810477  -0.1084982177   0.2503000870
       -0.1573139780   0.1113980531  -0.0000604707  -0.0001125653   0.0000624031
        0.0001517740   0.0000655245  -0.0001096763   0.0000112392  -0.0002324516
        0.0000992938   0.0009898129  -0.0001689015  -0.0004843971  -0.0004198480
       -0.0002099663   0.0004259575  -0.0000510021  -0.0003914994  -0.0001460886
       -0.0000761240   0.0001886490  -0.0000124023   0.0000517531  -0.0001785764
       -0.0000274083   0.0000049951  -0.0000427231   0.0000673540   0.0000747921
       -0.0002005784   0.0001103132  -0.0000627043   0.0003789809  -0.0001924796
        0.0001248846  -0.0001739626   0.0000864980  -0.0000308440   0.0000518847
        0.0000494876   0.0002521565   0.0000735951  -0.0002359036  -0.0001721892
       -0.0000967452   0.0001908955
       -0.0001155326   0.0003319325   0.0000551284  -0.0001447908  -0.0001479367
        0.0000258631  -0.0002562563   0.0001864942  -0.0001589988   0.0001119049
        0.0003380780  -0.0001125278  -0.0005459744  -0.0005006235  -0.0003684173
        0.0000032497   0.0002675157  -0.0002012787   0.0014312478   0.0020694900
        0.0034330637   0.1541923497  -0.1157986160   0.0718249883  -0.1573139780
        0.1190167007  -0.0757001355   0.0000256590  -0.0003679112   0.0001647628
        0.0003033185   0.0003517534  -0.0005716749  -0.0003507791  -0.0005092948
        0.0006914947   0.0016808034  -0.0059818011   0.0015190855   0.0004056297
        0.0011924511  -0.0007867592  -0.0002701397  -0.0004732548   0.0002506600
        0.0002156459   0.0000567860   0.0000438824  -0.0001049270  -0.0000941666
       -0.0001965874   0.0001100411  -0.0001649671   0.0002216603   0.0002113822
       -0.0002020665   0.0000925884   0.0000485798   0.0006360969  -0.0002405679
        0.0002034950  -0.0001684818  -0.0000150656   0.0001549617  -0.0000103969
        0.0000477623  -0.0000806416  -0.0000430106   0.0001333135   0.0000847512
        0.0000152291  -0.0001522400
       -0.0001550905   0.0001612196   0.0001416436   0.0004112921  -0.0000489482
        0.0002708755  -0.0000583551  -0.0000098873   0.0000868808   0.0001466210
       -0.0002249552  -0.0009617141  -0.0000214432  -0.0005952998   0.0009521500
       -0.0003178001   0.0001478007  -0.0005619093  -0.0320384805   0.0220301517
       -0.0207318047  -0.0791751691   0.0528767810  -0.0856921849   0.1113980531
       -0.0757001355   0.1059226082  -0.0000045106  -0.0000168621  -0.0000663825
       -0.0000476579  -0.0001243250  -0.0001861606   0.0001018788   0.0002762903
        0.0001165030   0.0005684262   0.0018277100   0.0020322259  -0.0002263491
       -0.0010059158  -0.0015939289   0.0000505632  -0.0001581753   0.0003724870
        0.0000952264   0.0003761252  -0.0004915420  -0.0001791896  -0.0001775461
        0.0002718483  -0.0000485057   0.0001836778  -0.0000548373  -0.0000065374
        0.0000910985   0.0000877600   0.0001206491  -0.0002236514  -0.0000259872
        0.0000278101  -0.0000285332   0.0001012210  -0.0002127275   0.0001188588
       -0.0000768679  -0.0002391601   0.0000846957   0.0002844744  -0.0001895435
        0.0001398254  -0.0001973583
        0.0001327531  -0.0001040353  -0.0001274872   0.0000501356   0.0001010013
       -0.0000315600   0.0000490932  -0.0001214835  -0.0001449463   0.0001925465
        0.0001244993  -0.0000411392  -0.0003869929  -0.0000322873   0.0004847609
        0.0001226047  -0.0001181092  -0.0001531672   0.0000302981  -0.0000614254
       -0.0002613427   0.0000647965   0.0004289343   0.0001097727  -0.0000604707
        0.0000256590  -0.0000045106   0.1714469599   0.1404274039   0.1360860449
       -0.1541440819  -0.1242093234  -0.1242938791  -0.0146924208  -0.0180256187
       -0.0104289709  -0.0000407764  -0.0004352608   0.0000808828   0.0002468931
        0.0009836524  -0.0008400475  -0.0011021286  -0.0004218482   0.0006875730
        0.0006371942   0.0002136094  -0.0002118316  -0.0005531065   0.0003260143
       -0.0000960429  -0.0003024162  -0.0010212515  -0.0008870053  -0.0031145970
        0.0019962214  -0.0002759568   0.0012642191  -0.0008783430  -0.0003824593
       -0.0004360289   0.0009478739   0.0007172588   0.0003302783  -0.0000794698
        0.0000862002  -0.0000958287  -0.0001169795  -0.0000959282   0.0003610765
        0.0000505663   0.0000237814
        0.0000716812   0.0001969929  -0.0000485334  -0.0000332664  -0.0001716600
       -0.0000039811  -0.0000502643   0.0001135415  -0.0000815382  -0.0002095033
       -0.0000103360  -0.0002127545   0.0003452333  -0.0002516141   0.0003897232
       -0.0001144300   0.0001394818  -0.0001348576  -0.0001474902  -0.0000880178
       -0.0002138108   0.0004556575   0.0002477968  -0.0000183125  -0.0001125653
       -0.0003679112  -0.0000168621   0.1404274039   0.1354177796   0.1107592352
       -0.1188521094  -0.1178571443  -0.0951668593  -0.0233168918  -0.0170467531
       -0.0133452803  -0.0001334985   0.0001072857   0.0000472447   0.0010036353
       -0.0007055307  -0.0005790387  -0.0001738780   0.0007176141  -0.0000905043
       -0.0000149688   0.0006484631  -0.0002526213   0.0002840157  -0.0004667341
       -0.0001356782  -0.0008238980  -0.0003103529  -0.0007988277   0.0014439369
        0.0003380454  -0.0000401686  -0.0002786992  -0.0011152376   0.0003701916
        0.0003686657  -0.0000487901  -0.0004487736  -0.0000225208   0.0002337548
        0.0001245250   0.0001083346   0.0002036531  -0.0000847641  -0.0002245803
        0.0000756732  -0.0000177535
       -0.0001693108  -0.0000869762   0.0000783354   0.0000453488  -0.0000252949
       -0.0001029553   0.0000439033   0.0000233612   0.0001158851  -0.0000115928
        0.0000463530   0.0000842908  -0.0001298303  -0.0001598024  -0.0001069615
        0.0000876825   0.0000556994   0.0001434026  -0.0000002285   0.0001013375
        0.0000288967  -0.0001908889  -0.0002403643   0.0001112063   0.0000624031
        0.0001647628  -0.0000663825   0.1360860449   0.1107592352   0.1687858336
       -0.1491961502  -0.1213503000  -0.1847358594   0.0131131616   0.0117661489
        0.0162427133   0.0001127174   0.0002409910  -0.0000108005  -0.0000282934
       -0.0000388515  -0.0005077887   0.0004972532  -0.0001174116  -0.0001618328
        0.0003364487   0.0003808214   0.0000499850  -0.0005419287  -0.0008092393
       -0.0014762790  -0.0001219695  -0.0000549122   0.0010826486  -0.0001752016
       -0.0005734200   0.0008494408  -0.0001244844   0.0006820191  -0.0005929720
        0.0002754297  -0.0005630667   0.0000463564   0.0001417562  -0.0000618813
        0.0002689048  -0.0001110193  -0.0000651371  -0.0001873072  -0.0000012511
       -0.0000740719   0.0000612395
       -0.0002207235   0.0001950146   0.0002436400  -0.0002151367  -0.0002555887
       -0.0000415829  -0.0000394172   0.0001690774   0.0002392397  -0.0001753495
       -0.0000750571  -0.0000826419  -0.0001819811  -0.0009059045  -0.0002130962
        0.0001724020   0.0004620214   0.0002970046   0.0000698093   0.0006051931
        0.0001122341  -0.0004823101  -0.0015625906   0.0001020185   0.0001517740
        0.0003033185  -0.0000476579  -0.1541440819  -0.1188521094  -0.1491961502
        0.2527388692   0.2302927732   0.0392415785  -0.0925235165  -0.1058362816
        0.1037890720   0.0008346078   0.0018497239   0.0003493167  -0.0015464977
       -0.0041564217   0.0076965816   0.0000628016  -0.0003301042  -0.0012005511
       -0.0006198672   0.0009297676  -0.0001275944   0.0013038122  -0.0033041995
       -0.0037886851  -0.0035450997   0.0012674919   0.0015353129   0.0009269510
       -0.0040980831  -0.0025749738  -0.0018124341   0.0033815465   0.0038692598
        0.0000698172  -0.0003442224  -0.0004704929  -0.0002644336   0.0002453586
        0.0005242909  -0.0002716355  -0.0000778554  -0.0003312161  -0.0002883598
        0.0000971316   0.0000750933
        0.0001871573  -0.0001678576   0.0000637295  -0.0004212864  -0.0002546783
       -0.0000493263   0.0000491392  -0.0000647170   0.0001235167   0.0003392038
        0.0004209883   0.0003724846  -0.0010682814  -0.0003539676  -0.0002062671
        0.0005087125   0.0000342335   0.0002696810   0.0004984596   0.0001751472
       -0.0000000903  -0.0006566499  -0.0000883031   0.0003105561   0.0000655245
        0.0003517534  -0.0001243250  -0.1242093234  -0.1178571443  -0.1213503000
        0.2302927732   0.2717343235  -0.0298209342  -0.0989644401  -0.1512434301
        0.1462240229   0.0004497187   0.0004541113   0.0008074000  -0.0050169807
        0.0011182930   0.0061073938  -0.0004356695  -0.0027728868   0.0009104533
        0.0010493803  -0.0004132002   0.0001614058  -0.0036187501   0.0007814683
       -0.0038813330   0.0013780765  -0.0034422421   0.0007697883  -0.0044154796
        0.0024268332   0.0032285356   0.0037533502  -0.0003963123  -0.0050409070
       -0.0001637806   0.0003256697   0.0008714312   0.0003734914  -0.0004957428
        0.0003516586   0.0000759205   0.0000333788  -0.0003404313  -0.0000502660
       -0.0003057180   0.0002418567
        0.0000355569   0.0000358181  -0.0000676634  -0.0000762351  -0.0000417018
        0.0000028253   0.0000051495   0.0000224227  -0.0001223552   0.0001066020
        0.0003114038  -0.0004253270  -0.0010092964  -0.0010218138   0.0021727720
        0.0002845461   0.0001329363  -0.0003086783  -0.0000859077  -0.0002609914
       -0.0014615831   0.0012197473   0.0019444781   0.0009282512  -0.0001096763
       -0.0005716749  -0.0001861606  -0.1242938791  -0.0951668593  -0.1847358594
        0.0392415785  -0.0298209342   0.3910501361   0.0798449186   0.1232243729
       -0.1869123787  -0.0013400975  -0.0024822856  -0.0013971310   0.0085192538
        0.0054504355  -0.0097473357  -0.0010603132   0.0011838179   0.0002389804
        0.0015376632   0.0015117054  -0.0014020773  -0.0047178501  -0.0033672787
       -0.0043480484   0.0006674946  -0.0011188417  -0.0017565358  -0.0021522601
        0.0027340541  -0.0009716537   0.0030348765  -0.0040284366  -0.0009876810
       -0.0000838537   0.0009898388   0.0001208105   0.0008478173   0.0002972432
        0.0006947759  -0.0006218614  -0.0002107989  -0.0004797412   0.0002060265
        0.0002530902   0.0001016585
        0.0000806644  -0.0001083033  -0.0000815351   0.0000898585   0.0003219356
        0.0002248909  -0.0000471472  -0.0001232007  -0.0000999607   0.0001996359
        0.0001472091  -0.0000800628  -0.0003048737   0.0005051970   0.0010702297
       -0.0000805984  -0.0003123797  -0.0003250271  -0.0000490574  -0.0007063349
       -0.0005209510   0.0008941138   0.0018933289   0.0000678326   0.0000112392
       -0.0003507791   0.0001018788  -0.0146924208  -0.0233168918   0.0131131616
       -0.0925235165  -0.0989644401   0.0798449186   0.1079578894   0.1192460257
       -0.0890062699  -0.0015955807  -0.0031306269  -0.0000795551  -0.0013602573
        0.0023801864  -0.0068634456  -0.0002710425   0.0028464472   0.0026709513
        0.0006832226  -0.0001754727  -0.0006603613  -0.0015035542   0.0001711912
        0.0000316341   0.0018354577   0.0001131104   0.0006424852   0.0013538153
        0.0011514425  -0.0005250412  -0.0008856247  -0.0014821396   0.0006630613
        0.0000541097  -0.0000665035  -0.0001586582   0.0002027899  -0.0000218628
       -0.0001087137  -0.0001955359  -0.0000773416   0.0000985734   0.0001464127
        0.0000602029  -0.0000200357
        0.0000341264   0.0001265309   0.0000020910   0.0002021872  -0.0000539970
        0.0001605473  -0.0000634543   0.0000723261  -0.0000591556  -0.0003092566
       -0.0002567035  -0.0003797325   0.0008496181  -0.0001880843   0.0009912849
       -0.0002975394   0.0000994791  -0.0002241980  -0.0005801307  -0.0002543077
       -0.0003209810   0.0009009090   0.0005714948  -0.0000875550  -0.0002324516
       -0.0005092948   0.0002762903  -0.0180256187  -0.0170467531   0.0117661489
       -0.1058362816  -0.1512434301   0.1232243729   0.1192460257   0.1739752136
       -0.1309084609  -0.0012586172  -0.0005614504  -0.0006193580   0.0023367918
       -0.0037575648  -0.0025457096   0.0022552430   0.0018258628  -0.0023642245
       -0.0002428840   0.0007141456  -0.0006615132   0.0002677156  -0.0012355359
       -0.0000294788   0.0000789587   0.0013424386   0.0012086849   0.0018762729
       -0.0034047607   0.0001349833  -0.0014883653   0.0003713086   0.0010391115
        0.0003385152  -0.0007190545  -0.0005721048  -0.0000331905   0.0001888996
       -0.0000102675   0.0000871677  -0.0000349696   0.0000596082  -0.0001057415
       -0.0000217936  -0.0000803838
       -0.0002277108  -0.0000796456   0.0000474602   0.0003299319   0.0002160654
       -0.0001058323   0.0000735761  -0.0000102508   0.0001148679  -0.0003105509
       -0.0004567547   0.0002769164   0.0014081521   0.0012765652  -0.0018680905
       -0.0003801994  -0.0002335580   0.0002773449  -0.0001535022   0.0000648633
        0.0017772174  -0.0016389986  -0.0026480997  -0.0011623833   0.0000992938
        0.0006914947   0.0001165030  -0.0104289709  -0.0133452803   0.0162427133
        0.1037890720   0.1462240229  -0.1869123787  -0.0890062699  -0.1309084609
        0.1668203034   0.0019722289   0.0039565976   0.0028181265  -0.0064939585
       -0.0032979274   0.0038685380   0.0017984365  -0.0036528040  -0.0008037069
       -0.0014411854  -0.0014180630  -0.0000526203   0.0009427162   0.0002055077
        0.0015870027   0.0002513147   0.0015220470  -0.0028748833  -0.0003703692
        0.0005962345   0.0015983394   0.0001250439   0.0019368874  -0.0017622276
       -0.0001359383  -0.0005493040   0.0002286006  -0.0003886411  -0.0001104554
       -0.0004908379   0.0002635980   0.0000921485   0.0004152010  -0.0000770688
       -0.0000718307  -0.0001561740
        0.0001844329   0.0000543299  -0.0000988486  -0.0002296926   0.0002127841
        0.0005159323  -0.0003524818   0.0000993477  -0.0002623681   0.0003360713
        0.0003242073  -0.0000623152  -0.0016360637  -0.0011089785   0.0022249024
       -0.0000609477   0.0000719322  -0.0006886923   0.0014817420  -0.0004969457
       -0.0041258885  -0.0029735948   0.0041132716   0.0012933091   0.0009898129
        0.0016808034   0.0005684262  -0.0000407764  -0.0001334985   0.0001127174
        0.0008346078   0.0004497187  -0.0013400975  -0.0015955807  -0.0012586172
        0.0019722289   0.2271221944   0.1529140967   0.0031813414  -0.2385008949
       -0.1626280348  -0.0036074637   0.0140422259   0.0034390284   0.0008115761
        0.0005179293   0.0005589230  -0.0002125281  -0.0003729479  -0.0004017285
       -0.0001685893   0.0001218037  -0.0000654231   0.0003876300   0.0002523449
       -0.0003942104   0.0002215076  -0.0003851749   0.0027550012  -0.0008301481
        0.0002436592  -0.0002236627   0.0000604595   0.0001178944   0.0001094469
        0.0000588912  -0.0000701554  -0.0000865856  -0.0001160275  -0.0000264080
        0.0000147938   0.0001040448
        0.0000468680   0.0001426243   0.0000768349   0.0004864881  -0.0002674560
        0.0004871451  -0.0001686876  -0.0000478728  -0.0002314894   0.0004627438
        0.0001368628  -0.0008848660  -0.0011561029  -0.0023167375   0.0045527411
       -0.0003502927   0.0003868056  -0.0008901540  -0.0016206972  -0.0005626659
       -0.0079671825   0.0057754146   0.0025571089   0.0024761605  -0.0001689015
       -0.0059818011   0.0018277100  -0.0004352608   0.0001072857   0.0002409910
        0.0018497239   0.0004541113  -0.0024822856  -0.0031306269  -0.0005614504
        0.0039565976   0.1529140967   0.1897654506   0.0023782979  -0.1290170290
       -0.1576768263  -0.0033736006  -0.0252345847  -0.0283807586   0.0000896192
        0.0006516437   0.0011245667  -0.0005955030  -0.0003231146  -0.0008025141
       -0.0000689595  -0.0000612697   0.0002576307   0.0005339651  -0.0003544793
       -0.0007274049   0.0006166023  -0.0002551102   0.0028280592  -0.0010152461
        0.0000620293  -0.0004081859   0.0002220750   0.0000950033   0.0001493886
        0.0000613701  -0.0001802861  -0.0002166577   0.0001933032   0.0001124318
        0.0000404367  -0.0002041262
       -0.0000048172  -0.0000061272  -0.0001246193   0.0003902199   0.0003909919
        0.0001442092  -0.0000429294  -0.0000654475  -0.0001423961  -0.0000729677
       -0.0000490843  -0.0002844664   0.0003426662   0.0005477752   0.0010441403
       -0.0004391792  -0.0003362011  -0.0005403984  -0.0018441521  -0.0044701887
       -0.0013674298   0.0007832142   0.0009331624  -0.0066111923  -0.0004843971
        0.0015190855   0.0020322259   0.0000808828   0.0000472447  -0.0000108005
        0.0003493167   0.0008074000  -0.0013971310  -0.0000795551  -0.0006193580
        0.0028181265   0.0031813414   0.0023782979   0.0202460341  -0.0031107670
       -0.0019568169  -0.0157091123   0.0005778023   0.0003691895   0.0001314866
        0.0001846897   0.0000640029  -0.0006087967  -0.0002134415  -0.0000826626
        0.0005859302   0.0003158864   0.0002698674  -0.0001118636   0.0002309107
        0.0003170125   0.0001637472  -0.0000730061  -0.0002068427  -0.0003882830
       -0.0002415002  -0.0001455664   0.0002615131   0.0000152726   0.0000985523
       -0.0002162207   0.0000835986   0.0000863928   0.0002202681   0.0000709112
        0.0001093205  -0.0001349711
        0.0001040179   0.0000498253  -0.0000155075  -0.0002151581  -0.0001918801
       -0.0003177337   0.0000909628   0.0001768307   0.0001138414  -0.0003690915
       -0.0003070288   0.0002381543   0.0012054398   0.0005205665  -0.0024962702
        0.0000970933   0.0002180156   0.0006619150  -0.0005963970   0.0003314831
        0.0030769297  -0.0076491424  -0.0156070465  -0.0025278399  -0.0004198480
        0.0004056297  -0.0002263491   0.0002468931   0.0010036353  -0.0000282934
       -0.0015464977  -0.0050169807   0.0085192538  -0.0013602573   0.0023367918
       -0.0064939585  -0.2385008949  -0.1290170290  -0.0031107670   0.3505852678
        0.0318972009   0.0065457331  -0.1028165753   0.1105169347  -0.0035400219
       -0.0009901734  -0.0005082619   0.0004786819   0.0012674680   0.0003159659
        0.0003451661  -0.0008414175  -0.0001691321  -0.0008311253  -0.0013961539
        0.0004562114   0.0002349165   0.0032527229   0.0016978885  -0.0007077258
       -0.0002153803   0.0009355579   0.0001750227  -0.0002668206  -0.0000683472
       -0.0000438067   0.0003826324   0.0000974664  -0.0001977062  -0.0000486902
       -0.0000742974   0.0001474906
       -0.0000684095   0.0001338240   0.0000367351  -0.0004017504  -0.0001073484
       -0.0005280210   0.0001723869  -0.0000413672   0.0001639230  -0.0001220269
        0.0000666026   0.0006389127   0.0002324589   0.0010871494  -0.0032404016
        0.0004950873  -0.0000668316   0.0007231614   0.0005127330  -0.0004158600
        0.0037365744  -0.0149741342  -0.0171392225  -0.0025626593  -0.0002099663
        0.0011924511  -0.0010059158   0.0009836524  -0.0007055307  -0.0000388515
       -0.0041564217   0.0011182930   0.0054504355   0.0023801864  -0.0037575648
       -0.0032979274  -0.1626280348  -0.1576768263  -0.0019568169   0.0318972009
        0.5215949823  -0.0081534843   0.1437435797  -0.3276107671   0.0061895098
       -0.0004331561  -0.0010473385   0.0007319621   0.0002216263   0.0011505714
       -0.0001381466  -0.0000845513  -0.0006910228  -0.0004834433   0.0000325587
       -0.0000282392  -0.0019860994   0.0021373265  -0.0175205490   0.0048954996
        0.0002836730   0.0003901316   0.0008368686  -0.0000491232  -0.0002259209
       -0.0000053877   0.0001241028   0.0003238096   0.0000487662  -0.0000889984
       -0.0000234258  -0.0000551937
        0.0000524587   0.0000950849   0.0000544333  -0.0004952496  -0.0004727189
       -0.0001986165   0.0000368758   0.0000933563  -0.0000065742   0.0003501387
        0.0004484108   0.0001005772  -0.0015411918  -0.0017020390   0.0000312238
        0.0007111427   0.0005694836   0.0002913377   0.0007173708   0.0013338695
       -0.0011529415  -0.0004128319   0.0000032698   0.0053640109   0.0004259575
       -0.0007867592  -0.0015939289  -0.0008400475  -0.0005790387  -0.0005077887
        0.0076965816   0.0061073938  -0.0097473357  -0.0068634456  -0.0025457096
        0.0038685380  -0.0036074637  -0.0033736006  -0.0157091123   0.0065457331
       -0.0081534843   0.0278111895  -0.0028191051   0.0066722414  -0.0114963002
        0.0005993809   0.0008410681   0.0006477905  -0.0005010185  -0.0004512130
       -0.0015134435   0.0000152186  -0.0000833427   0.0014454870  -0.0000661902
       -0.0018495037  -0.0002241396  -0.0007437116   0.0032992886   0.0033461268
        0.0007535601   0.0003570130  -0.0010900428   0.0002932736   0.0001465342
        0.0005719470  -0.0003334027  -0.0000821955  -0.0004619868   0.0000259659
        0.0001125911   0.0001695491
        0.0002130276  -0.0001954559  -0.0000355878  -0.0000679805   0.0000860502
        0.0001930137   0.0000421879  -0.0002203271  -0.0000246369   0.0002103423
        0.0000913845  -0.0000125245  -0.0003907467   0.0000007758   0.0003209080
        0.0001516757  -0.0001707930  -0.0001252140   0.0002224886  -0.0003469368
       -0.0003074701  -0.0008005070  -0.0009982529  -0.0000697378  -0.0000510021
       -0.0002701397   0.0000505632  -0.0011021286  -0.0001738780   0.0004972532
        0.0000628016  -0.0004356695  -0.0010603132  -0.0002710425   0.0022552430
        0.0017984365   0.0140422259  -0.0252345847   0.0005778023  -0.1028165753
        0.1437435797  -0.0028191051   0.0946760570  -0.1163113276   0.0001786399
        0.0002062043   0.0001412152  -0.0001427856  -0.0003547996  -0.0000318719
       -0.0001275921   0.0001250036   0.0001965142   0.0002957773   0.0011245247
       -0.0014328546   0.0016045936  -0.0048322854   0.0018583276  -0.0010845736
       -0.0001982790  -0.0026279699   0.0002595721  -0.0000212369   0.0000368615
        0.0000270080  -0.0001967016  -0.0000513176  -0.0000740142   0.0000267461
        0.0000914273   0.0000799871
       -0.0000494819   0.0001426667   0.0000107318   0.0002399270   0.0000393658
        0.0002159291  -0.0000861277  -0.0000523217  -0.0000914581  -0.0000789039
        0.0000839333  -0.0002371763   0.0000254162  -0.0000480161   0.0016073707
       -0.0002914379  -0.0001245637  -0.0004147000  -0.0001465276  -0.0005865728
       -0.0010868498   0.0017710298   0.0028307219   0.0007696250  -0.0003914994
       -0.0004732548  -0.0001581753  -0.0004218482   0.0007176141  -0.0001174116
       -0.0003301042  -0.0027728868   0.0011838179   0.0028464472   0.0018258628
       -0.0036528040   0.0034390284  -0.0283807586   0.0003691895   0.1105169347
       -0.3276107671   0.0066722414  -0.1163113276   0.3527662847  -0.0049727954
        0.0001642076   0.0001500717  -0.0005467879  -0.0000509530  -0.0003877445
        0.0004292439   0.0000650924   0.0003253882  -0.0001169963  -0.0003568434
        0.0001401489   0.0036564693   0.0003754365   0.0023138380  -0.0019912147
       -0.0009805935  -0.0007946130  -0.0014877229   0.0000265113   0.0000398195
       -0.0001311506  -0.0000245190  -0.0001126868   0.0002856029   0.0000501363
       -0.0000315297  -0.0001949786
       -0.0000406572  -0.0001879687   0.0000130168   0.0001224641   0.0002433603
        0.0000957551  -0.0000134454  -0.0000385996   0.0000785508  -0.0001065413
       -0.0000933145   0.0001654293   0.0003469100   0.0006504729  -0.0003724738
       -0.0001698766  -0.0002518289   0.0000270984  -0.0000807669  -0.0003112134
        0.0005319297  -0.0001809988  -0.0002632838  -0.0008119190  -0.0001460886
        0.0002506600   0.0003724870   0.0006875730  -0.0000905043  -0.0001618328
       -0.0012005511   0.0009104533   0.0002389804   0.0026709513  -0.0023642245
       -0.0008037069   0.0008115761   0.0000896192   0.0001314866  -0.0035400219
        0.0061895098  -0.0114963002   0.0001786399  -0.0049727954   0.0173633341
       -0.0001276644  -0.0004514614  -0.0000657493  -0.0000567852   0.0002697327
        0.0004336944   0.0002568739  -0.0001059603  -0.0004543132   0.0014119524
        0.0034770417  -0.0024550018   0.0000106633  -0.0018374563  -0.0039784149
       -0.0008594683  -0.0007620229   0.0012155743  -0.0000549955  -0.0001484095
       -0.0002017422   0.0000999522  -0.0000623398   0.0001078036  -0.0000196950
       -0.0001394668   0.0000263135
       -0.0002422227  -0.0001313607  -0.0002580204   0.0010159381   0.0012413197
        0.0005597792  -0.0001390215  -0.0000906052  -0.0001603918   0.0024273336
        0.0008444401  -0.0001517793  -0.0039147702   0.0010246611  -0.0015529790
       -0.0034912567  -0.0020101327  -0.0005345881  -0.0000796932  -0.0001533453
        0.0026018240  -0.0005136227  -0.0003762450  -0.0015147011  -0.0000761240
        0.0002156459   0.0000952264   0.0006371942  -0.0000149688   0.0003364487
       -0.0006198672   0.0010493803   0.0015376632   0.0006832226  -0.0002428840
       -0.0014411854   0.0005179293   0.0006516437   0.0001846897  -0.0009901734
       -0.0004331561   0.0005993809   0.0002062043   0.0001642076  -0.0001276644
        0.1176180137   0.1199301796  -0.1030138496  -0.1047178586  -0.1045681876
        0.0943025954  -0.0103411111  -0.0170526457   0.0087666595   0.0004636769
       -0.0002727180  -0.0002507231  -0.0002691998   0.0000738467   0.0002151004
        0.0001234587  -0.0000915494  -0.0001537653   0.0024662804   0.0007000010
        0.0000667075  -0.0012861116  -0.0006423089   0.0000025041   0.0005217810
        0.0001847816  -0.0001089315
        0.0000157072   0.0001516487  -0.0000639246   0.0017270649   0.0003439070
        0.0008811457  -0.0000264963   0.0000935698  -0.0001384188   0.0002085594
       -0.0043201294   0.0021707849   0.0031784940  -0.0040174386  -0.0022164364
       -0.0043945303   0.0006248345  -0.0016362336  -0.0005001876   0.0001662675
        0.0034667630   0.0000576792  -0.0010774811  -0.0021918828   0.0001886490
        0.0000567860   0.0003761252   0.0002136094   0.0006484631   0.0003808214
        0.0009297676  -0.0004132002   0.0015117054  -0.0001754727   0.0007141456
       -0.0014180630   0.0005589230   0.0011245667   0.0000640029  -0.0005082619
       -0.0010473385   0.0008410681   0.0001412152   0.0001500717  -0.0004514614
        0.1199301796   0.1644991736  -0.1187538465  -0.1011356670  -0.1366576757
        0.1013475278  -0.0205418728  -0.0213252118   0.0141114746  -0.0002120688
       -0.0004004627  -0.0003177944  -0.0001743768   0.0000186759   0.0005833574
        0.0000289309  -0.0000766783  -0.0000295515   0.0010399092   0.0013446564
        0.0023558929  -0.0006978937  -0.0008690231  -0.0007634866   0.0001481392
        0.0002678731  -0.0001095700
       -0.0005121651  -0.0001561246  -0.0000715820  -0.0010239053  -0.0004553417
       -0.0014125401   0.0002546926  -0.0000216709   0.0000811381  -0.0004535223
        0.0009738527   0.0014113421  -0.0018971619   0.0003057079  -0.0057073789
        0.0026214762  -0.0003635003   0.0036870410   0.0006692495   0.0005234002
       -0.0026102526  -0.0004037112  -0.0000190658   0.0017641422  -0.0000124023
        0.0000438824  -0.0004915420  -0.0002118316  -0.0002526213   0.0000499850
       -0.0001275944   0.0001614058  -0.0014020773  -0.0006603613  -0.0006615132
       -0.0000526203  -0.0002125281  -0.0005955030  -0.0006087967   0.0004786819
        0.0007319621   0.0006477905  -0.0001427856  -0.0005467879  -0.0000657493
       -0.1030138496  -0.1187538465   0.1732980228   0.1143039744   0.1290619673
       -0.1842278176  -0.0093523513  -0.0112138435   0.0176229108  -0.0000836587
       -0.0002298874   0.0002669802  -0.0000050365   0.0004946515  -0.0001255563
       -0.0000299705  -0.0001297016   0.0001422394  -0.0009653045   0.0016158472
       -0.0027847265   0.0008595191  -0.0002926583   0.0014273921  -0.0000794534
       -0.0002206111  -0.0008383449
        0.0001293172   0.0005175124   0.0002240265  -0.0003929768  -0.0011521977
       -0.0001033360   0.0001229555   0.0002480971   0.0000826385  -0.0013636756
       -0.0005516249  -0.0002127274  -0.0019616070  -0.0077554022   0.0084088723
        0.0008285976   0.0008853255   0.0002943606  -0.0001634085   0.0002943690
       -0.0017709267   0.0004815619   0.0000889245   0.0012974451   0.0000517531
       -0.0001049270  -0.0001791896  -0.0005531065   0.0002840157  -0.0005419287
        0.0013038122  -0.0036187501  -0.0047178501  -0.0015035542   0.0002677156
        0.0009427162  -0.0003729479  -0.0003231146  -0.0002134415   0.0012674680
        0.0002216263  -0.0005010185  -0.0003547996  -0.0000509530  -0.0000567852
       -0.1047178586  -0.1011356670   0.1143039744   0.1996081370   0.2309139445
       -0.0112369346  -0.0881425500  -0.1187978359  -0.1042430416  -0.0008933345
        0.0002458167  -0.0000651677   0.0006951807  -0.0002499594   0.0001484926
       -0.0000547659   0.0001958515   0.0000569012  -0.0015696651   0.0005982777
        0.0037149928  -0.0016678650  -0.0010249636  -0.0058682778  -0.0007766680
        0.0000039190   0.0002362050
        0.0002771045  -0.0002922769  -0.0000674140  -0.0013524666  -0.0000319552
       -0.0002392720   0.0000048288  -0.0000062934   0.0000578894  -0.0002139289
        0.0012022932  -0.0003699763  -0.0088303569  -0.0056189798   0.0102574834
        0.0019002034  -0.0007383300   0.0008675934   0.0004371264  -0.0001999290
       -0.0022286015  -0.0000287124   0.0010066590   0.0014080444  -0.0001785764
       -0.0000941666  -0.0001775461   0.0003260143  -0.0004667341  -0.0008092393
       -0.0033041995   0.0007814683  -0.0033672787   0.0001711912  -0.0012355359
        0.0002055077  -0.0004017285  -0.0008025141  -0.0000826626   0.0003159659
        0.0011505714  -0.0004512130  -0.0000318719  -0.0003877445   0.0002697327
       -0.1045681876  -0.1366576757   0.1290619673   0.2309139445   0.3419745833
        0.0359519756  -0.1160321476  -0.1976948424  -0.1701635394   0.0002039141
        0.0001439676   0.0004720209   0.0001148546   0.0003998228  -0.0007560133
       -0.0000040952  -0.0000115658   0.0001815774   0.0016409532  -0.0039131078
        0.0022463528  -0.0012184836   0.0016014870  -0.0029930043  -0.0001413457
       -0.0001092013   0.0007256154
        0.0002755756   0.0001215804  -0.0000953758   0.0008707607   0.0004822935
        0.0010490586  -0.0001584921  -0.0000434043  -0.0001006666  -0.0000488370
       -0.0005844164  -0.0007017670   0.0087513926   0.0095055604  -0.0058508186
       -0.0016441989  -0.0001866191  -0.0019131809  -0.0005922014  -0.0005315907
        0.0016210347   0.0006562982   0.0004421654  -0.0011854810  -0.0000274083
       -0.0001965874   0.0002718483  -0.0000960429  -0.0001356782  -0.0014762790
       -0.0037886851  -0.0038813330  -0.0043480484   0.0000316341  -0.0000294788
        0.0015870027  -0.0001685893  -0.0000689595   0.0005859302   0.0003451661
       -0.0001381466  -0.0015134435  -0.0001275921   0.0004292439   0.0004336944
        0.0943025954   0.1013475278  -0.1842278176  -0.0112369346   0.0359519756
        0.3896312287  -0.0844844155  -0.1420557521  -0.1886733800  -0.0002300165
        0.0008862507   0.0000743419   0.0003785813  -0.0009346086  -0.0001196674
       -0.0000934676   0.0002909952   0.0000668093   0.0036785907   0.0007061863
        0.0001120723  -0.0068867485  -0.0023597607  -0.0054402688   0.0002930352
        0.0009825563   0.0002131735
       -0.0001083425  -0.0001892897  -0.0000707992   0.0003606367   0.0004746455
       -0.0000027085   0.0000518378  -0.0002055509  -0.0000384870   0.0000891324
        0.0000586164   0.0002264751   0.0003275123   0.0011951923  -0.0012358223
       -0.0002627754  -0.0005915737  -0.0000066881  -0.0000393038  -0.0002153268
        0.0005550828  -0.0001770629  -0.0000213876  -0.0002882309   0.0000049951
        0.0001100411  -0.0000485057  -0.0003024162  -0.0008238980  -0.0001219695
       -0.0035450997   0.0013780765   0.0006674946   0.0018354577   0.0000789587
        0.0002513147   0.0001218037  -0.0000612697   0.0003158864  -0.0008414175
       -0.0000845513   0.0000152186   0.0001250036   0.0000650924   0.0002568739
       -0.0103411111  -0.0205418728  -0.0093523513  -0.0881425500  -0.1160321476
       -0.0844844155   0.1003392957   0.1359184604   0.0937512578   0.0008802810
        0.0000625706   0.0001590760  -0.0005846257  -0.0000201076  -0.0000784763
       -0.0000801858  -0.0000640839  -0.0001273381   0.0008505480  -0.0005150958
        0.0000627911  -0.0007956207  -0.0001899922  -0.0002921508   0.0002340071
        0.0002144939  -0.0001135278
        0.0000696263   0.0000080823  -0.0000411158   0.0003487181   0.0001143678
        0.0001696118  -0.0000658332   0.0000798572  -0.0000321675  -0.0004381586
       -0.0004505133   0.0001164464   0.0015569709   0.0008068987  -0.0013734523
       -0.0004903236  -0.0001176609  -0.0000187919  -0.0002693526  -0.0002129664
        0.0006822769   0.0002325155  -0.0000673603  -0.0006097346  -0.0000427231
       -0.0001649671   0.0001836778  -0.0010212515  -0.0003103529  -0.0000549122
        0.0012674919  -0.0034422421  -0.0011188417   0.0001131104   0.0013424386
        0.0015220470  -0.0000654231   0.0002576307   0.0002698674  -0.0001691321
       -0.0006910228  -0.0000833427   0.0001965142   0.0003253882  -0.0001059603
       -0.0170526457  -0.0213252118  -0.0112138435  -0.1187978359  -0.1976948424
       -0.1420557521   0.1359184604   0.2216609934   0.1551128086   0.0000913362
       -0.0000586287  -0.0003383646  -0.0001866234  -0.0002191042   0.0004446184
        0.0000464293  -0.0001102169  -0.0001344210  -0.0018287023  -0.0002706163
       -0.0026176889   0.0007356785   0.0003891461   0.0011361200  -0.0001488468
        0.0001509031   0.0001609148
       -0.0001164781  -0.0000859998   0.0000542266   0.0000497779   0.0000343232
       -0.0001407517   0.0000257856   0.0000017533   0.0000879564   0.0000676037
        0.0000594734   0.0001342797   0.0006402021   0.0009251228  -0.0016193800
        0.0000844018   0.0000487311   0.0000824082   0.0000780996   0.0002047154
        0.0003942652  -0.0004278610  -0.0005362402  -0.0000982824   0.0000673540
        0.0002216603  -0.0000548373  -0.0008870053  -0.0007988277   0.0010826486
        0.0015353129   0.0007697883  -0.0017565358   0.0006424852   0.0012086849
       -0.0028748833   0.0003876300   0.0005339651  -0.0001118636  -0.0008311253
       -0.0004834433   0.0014454870   0.0002957773  -0.0001169963  -0.0004543132
        0.0087666595   0.0141114746   0.0176229108  -0.1042430416  -0.1701635394
       -0.1886733800   0.0937512578   0.1551128086   0.1750759290   0.0005946088
       -0.0010305447  -0.0002157157  -0.0005863896   0.0008656038   0.0002650738
        0.0001444688  -0.0002736173  -0.0002307784  -0.0000158601  -0.0007496046
        0.0004753021   0.0001298503   0.0001669437  -0.0006805778  -0.0001535143
       -0.0000262352   0.0001908117
       -0.0000235682  -0.0001129789  -0.0000355027  -0.0000441424   0.0003114498
        0.0000493549  -0.0000043135  -0.0001433025  -0.0000136560   0.0001980502
        0.0001237276   0.0000368043  -0.0005946402   0.0001748822   0.0000877028
        0.0001317902  -0.0002170854  -0.0000496147   0.0002087015  -0.0000704920
        0.0000189648  -0.0003302216  -0.0000869345  -0.0000546152   0.0000747921
        0.0002113822  -0.0000065374  -0.0031145970   0.0014439369  -0.0001752016
        0.0009269510  -0.0044154796  -0.0021522601   0.0013538153   0.0018762729
       -0.0003703692   0.0002523449  -0.0003544793   0.0002309107  -0.0013961539
        0.0000325587  -0.0000661902   0.0011245247  -0.0003568434   0.0014119524
        0.0004636769  -0.0002120688  -0.0000836587  -0.0008933345   0.0002039141
       -0.0002300165   0.0008802810   0.0000913362   0.0005946088   0.0990456513
       -0.0280074523  -0.1297396181  -0.1113428113   0.0388997084   0.1584909675
        0.0130201468  -0.0093591812  -0.0279775936   0.0001928765  -0.0000956961
       -0.0000230407  -0.0003375669  -0.0000750823   0.0000711083   0.0002077471
        0.0001379073  -0.0000144999
       -0.0000739300   0.0001223661  -0.0000083600   0.0001425559   0.0001333931
        0.0001100533  -0.0001052528   0.0000696721  -0.0000468234  -0.0002063117
       -0.0000813171  -0.0000737124   0.0004313929   0.0003808376   0.0002531247
       -0.0003189627  -0.0001122136  -0.0001676430  -0.0002547939  -0.0002244362
       -0.0000387639   0.0005012310   0.0007653810  -0.0000686161  -0.0002005784
       -0.0002020665   0.0000910985   0.0019962214   0.0003380454  -0.0005734200
       -0.0040980831   0.0024268332   0.0027340541   0.0011514425  -0.0034047607
        0.0005962345  -0.0003942104  -0.0007274049   0.0003170125   0.0004562114
       -0.0000282392  -0.0018495037  -0.0014328546   0.0001401489   0.0034770417
       -0.0002727180  -0.0004004627  -0.0002298874   0.0002458167   0.0001439676
        0.0008862507   0.0000625706  -0.0000586287  -0.0010305447  -0.0280074523
        0.0456034680   0.1015002078   0.0253926848  -0.0406369300  -0.0847713004
        0.0049888984  -0.0041829033  -0.0209669717  -0.0001209319   0.0000039389
       -0.0002929857   0.0001617398  -0.0000074037   0.0002904501  -0.0000446858
       -0.0000612852  -0.0001369954
       -0.0000705942  -0.0001946304   0.0000232397   0.0000163924   0.0001612650
        0.0000273025   0.0000138753   0.0000162099   0.0001042937  -0.0000475449
       -0.0001025911   0.0001697667   0.0002827279   0.0003549635  -0.0007698104
       -0.0000657157  -0.0000943060   0.0001641979   0.0000383318  -0.0000541141
        0.0004257172  -0.0002300026  -0.0005279556  -0.0003872823   0.0001103132
        0.0000925884   0.0000877600  -0.0002759568  -0.0000401686   0.0008494408
       -0.0025749738   0.0032285356  -0.0009716537  -0.0005250412   0.0001349833
        0.0015983394   0.0002215076   0.0006166023   0.0001637472   0.0002349165
       -0.0019860994  -0.0002241396   0.0016045936   0.0036564693  -0.0024550018
       -0.0002507231  -0.0003177944   0.0002669802  -0.0000651677   0.0004720209
        0.0000743419   0.0001590760  -0.0003383646  -0.0002157157  -0.1297396181
        0.1015002078   0.3373684800   0.1259651051  -0.0956279156  -0.3108900811
        0.0055418633  -0.0110011378  -0.0253762134  -0.0001946636  -0.0000538254
       -0.0000999658   0.0000259221   0.0001042501  -0.0000303494  -0.0001746232
        0.0000008070   0.0000966059
       -0.0000144609   0.0000373307  -0.0000064545   0.0000644041   0.0000968664
        0.0000118524  -0.0000455837   0.0000716486  -0.0000429221   0.0000191198
       -0.0000896967  -0.0000354348   0.0000530608   0.0000855690   0.0000067424
       -0.0001070596   0.0000322672  -0.0000347547  -0.0001692499   0.0001198382
       -0.0000150989   0.0002693492   0.0000986369  -0.0000493250  -0.0000627043
        0.0000485798   0.0001206491   0.0012642191  -0.0002786992  -0.0001244844
       -0.0018124341   0.0037533502   0.0030348765  -0.0008856247  -0.0014883653
        0.0001250439  -0.0003851749  -0.0002551102  -0.0000730061   0.0032527229
        0.0021373265  -0.0007437116  -0.0048322854   0.0003754365   0.0000106633
       -0.0002691998  -0.0001743768  -0.0000050365   0.0006951807   0.0001148546
        0.0003785813  -0.0005846257  -0.0001866234  -0.0005863896  -0.1113428113
        0.0253926848   0.1259651051   0.3855918785   0.0999566147  -0.0046567985
       -0.2707826379  -0.1297727286  -0.1231866393  -0.0001373291   0.0000057386
       -0.0000794664   0.0000297715  -0.0001367371  -0.0000278874   0.0001914748
        0.0000555946   0.0000138955
        0.0000887540  -0.0000158436   0.0000796189  -0.0001760504  -0.0004301558
       -0.0003367148   0.0002549546  -0.0001996885   0.0001134527   0.0002329457
        0.0001324374   0.0001609631  -0.0001999752  -0.0002973062  -0.0011620377
        0.0004917887   0.0001620286   0.0003991920   0.0004433629   0.0005529617
        0.0008397836  -0.0017453159  -0.0029319783  -0.0003073800   0.0003789809
        0.0006360969  -0.0002236514  -0.0008783430  -0.0011152376   0.0006820191
        0.0033815465  -0.0003963123  -0.0040284366  -0.0014821396   0.0003713086
        0.0019368874   0.0027550012   0.0028280592  -0.0002068427   0.0016978885
       -0.0175205490   0.0032992886   0.0018583276   0.0023138380  -0.0018374563
        0.0000738467   0.0000186759   0.0004946515  -0.0002499594   0.0003998228
       -0.0009346086  -0.0000201076  -0.0002191042   0.0008656038   0.0388997084
       -0.0406369300  -0.0956279156   0.0999566147   0.1452311876   0.1819387231
       -0.1456754438  -0.0890432760  -0.0862879710   0.0000630503  -0.0001102154
        0.0002928464  -0.0001147767   0.0001994870  -0.0001551254  -0.0000346590
        0.0000706934   0.0000051097
        0.0001766636  -0.0000875831  -0.0001673521  -0.0000449816   0.0000309213
        0.0000027441  -0.0000244603   0.0001392328  -0.0001879600   0.0000242929
        0.0000360583  -0.0000151726  -0.0002382446  -0.0003839302   0.0005327761
        0.0000682483   0.0001399471  -0.0001260262  -0.0000785517  -0.0000969060
       -0.0006020707   0.0003957181   0.0009660581   0.0003743364  -0.0001924796
       -0.0002405679  -0.0000259872  -0.0003824593   0.0003701916  -0.0005929720
        0.0038692598  -0.0050409070  -0.0009876810   0.0006630613   0.0010391115
       -0.0017622276  -0.0008301481  -0.0010152461  -0.0003882830  -0.0007077258
        0.0048954996   0.0033461268  -0.0010845736  -0.0019912147  -0.0039784149
        0.0002151004   0.0005833574  -0.0001255563   0.0001484926  -0.0007560133
       -0.0001196674  -0.0000784763   0.0004446184   0.0002650738   0.1584909675
       -0.0847713004  -0.3108900811  -0.0046567985   0.1819387231   0.4411593106
       -0.1563053324  -0.0962231912  -0.1257117310   0.0002239357   0.0002098233
        0.0001392850   0.0001488650  -0.0002018514  -0.0003323437   0.0001996267
        0.0000151688   0.0001938741
        0.0000426581  -0.0000533839  -0.0000182295  -0.0000965651   0.0001425261
        0.0000599554  -0.0000201964  -0.0000619824  -0.0000076208   0.0001965841
        0.0000350482  -0.0000075988  -0.0004715905  -0.0000428498   0.0000827215
        0.0001468983  -0.0000168454  -0.0000068597   0.0001625843   0.0001370008
       -0.0000226817  -0.0002872234  -0.0002960955   0.0000012889   0.0001248846
        0.0002034950   0.0000278101  -0.0004360289   0.0003686657   0.0002754297
        0.0000698172  -0.0001637806  -0.0000838537   0.0000541097   0.0003385152
       -0.0001359383   0.0002436592   0.0000620293  -0.0002415002  -0.0002153803
        0.0002836730   0.0007535601  -0.0001982790  -0.0009805935  -0.0008594683
        0.0001234587   0.0000289309  -0.0000299705  -0.0000547659  -0.0000040952
       -0.0000934676  -0.0000801858   0.0000464293   0.0001444688   0.0130201468
        0.0049888984   0.0055418633  -0.2707826379  -0.1456754438  -0.1563053324
        0.2585164877   0.1406514409   0.1508976780   0.0000169145   0.0000146572
        0.0000606803  -0.0002695104  -0.0001291712  -0.0000900165   0.0001941604
        0.0001229316   0.0000570820
       -0.0000662861   0.0002208481   0.0000300274   0.0000364127  -0.0000555978
        0.0000217936  -0.0000945322   0.0000872589  -0.0000318867  -0.0001475797
       -0.0000170576  -0.0001109138   0.0001617111  -0.0000266605   0.0004032871
       -0.0001618479   0.0000549137  -0.0001049468  -0.0002007921   0.0000125084
       -0.0002044245   0.0003766619   0.0006142220   0.0002427745  -0.0001739626
       -0.0001684818  -0.0000285332   0.0009478739  -0.0000487901  -0.0005630667
       -0.0003442224   0.0003256697   0.0009898388  -0.0000665035  -0.0007190545
       -0.0005493040  -0.0002236627  -0.0004081859  -0.0001455664   0.0009355579
        0.0003901316   0.0003570130  -0.0026279699  -0.0007946130  -0.0007620229
       -0.0000915494  -0.0000766783  -0.0001297016   0.0001958515  -0.0000115658
        0.0002909952  -0.0000640839  -0.0001102169  -0.0002736173  -0.0093591812
       -0.0041829033  -0.0110011378  -0.1297727286  -0.0890432760  -0.0962231912
        0.1406514409   0.0940773280   0.1078333435  -0.0000085518  -0.0000385506
       -0.0000933439   0.0001227151   0.0000121916   0.0001915589  -0.0000247711
       -0.0000934399  -0.0001389754
       -0.0000641571  -0.0002074954   0.0000250659   0.0000195855   0.0001488533
        0.0000525646   0.0000061129   0.0000300494   0.0001036879  -0.0000379033
       -0.0000850233   0.0001125573   0.0001856982   0.0002200133  -0.0004431258
       -0.0000551255  -0.0000608109   0.0001121822   0.0000071589  -0.0001263195
        0.0002078793   0.0001237821  -0.0000334954  -0.0002902006   0.0000864980
       -0.0000150656   0.0001012210   0.0007172588  -0.0004487736   0.0000463564
       -0.0004704929   0.0008714312   0.0001208105  -0.0001586582  -0.0005721048
        0.0002286006   0.0000604595   0.0002220750   0.0002615131   0.0001750227
        0.0008368686  -0.0010900428   0.0002595721  -0.0014877229   0.0012155743
       -0.0001537653  -0.0000295515   0.0001422394   0.0000569012   0.0001815774
        0.0000668093  -0.0001273381  -0.0001344210  -0.0002307784  -0.0279775936
       -0.0209669717  -0.0253762134  -0.1231866393  -0.0862879710  -0.1257117310
        0.1508976780   0.1078333435   0.1503327330  -0.0001649732   0.0000379155
       -0.0000167450  -0.0000314961   0.0000554117  -0.0001125089  -0.0001675854
        0.0000181878   0.0001415512
       -0.0006704864  -0.0005145182   0.0000231338   0.0000183235   0.0006511422
       -0.0006439363   0.0001349311  -0.0002072968   0.0000854175   0.0003103496
        0.0002544488   0.0000378725  -0.0015530667  -0.0008160347   0.0004637730
        0.0005485879  -0.0002428624   0.0006936951   0.0000389862   0.0001280400
       -0.0000634677  -0.0003385466  -0.0001890421   0.0002479694  -0.0000308440
        0.0001549617  -0.0002127275   0.0003302783  -0.0000225208   0.0001417562
       -0.0002644336   0.0003734914   0.0008478173   0.0002027899  -0.0000331905
       -0.0003886411   0.0001178944   0.0000950033   0.0000152726  -0.0002668206
       -0.0000491232   0.0002932736  -0.0000212369   0.0000265113  -0.0000549955
        0.0024662804   0.0010399092  -0.0009653045  -0.0015696651   0.0016409532
        0.0036785907   0.0008505480  -0.0018287023  -0.0000158601   0.0001928765
       -0.0001209319  -0.0001946636  -0.0001373291   0.0000630503   0.0002239357
        0.0000169145  -0.0000085518  -0.0001649732   0.0893895377   0.0457033035
        0.1323952282  -0.1005775038  -0.0548944835  -0.1524705953   0.0108116345
        0.0087964432   0.0160274294
       -0.0005472582  -0.0002710162  -0.0000025250   0.0003608297   0.0002765541
       -0.0003298228   0.0000883089   0.0000764477  -0.0000082055   0.0002087273
       -0.0002648156   0.0005560491  -0.0001769304  -0.0003083742  -0.0011159803
       -0.0003087549  -0.0000076184   0.0006777064   0.0000190377  -0.0000457468
        0.0004974381  -0.0000268451  -0.0002111487  -0.0004946267   0.0000518847
       -0.0000103969   0.0001188588  -0.0000794698   0.0002337548  -0.0000618813
        0.0002453586  -0.0004957428   0.0002972432  -0.0000218628   0.0001888996
       -0.0001104554   0.0001094469   0.0001493886   0.0000985523  -0.0000683472
       -0.0002259209   0.0001465342   0.0000368615   0.0000398195  -0.0001484095
        0.0007000010   0.0013446564   0.0016158472   0.0005982777  -0.0039131078
        0.0007061863  -0.0005150958  -0.0002706163  -0.0007496046  -0.0000956961
        0.0000039389  -0.0000538254   0.0000057386  -0.0001102154   0.0002098233
        0.0000146572  -0.0000385506   0.0000379155   0.0457033035   0.1020141522
        0.1306172521  -0.0335408704  -0.0794855382  -0.0987527678  -0.0127613026
       -0.0186688029  -0.0337513021
        0.0000119331   0.0000660544   0.0001510098  -0.0004017182  -0.0004878383
       -0.0003429619   0.0000331857   0.0000945422   0.0000640009   0.0001126548
        0.0003045212  -0.0001226146  -0.0010090058  -0.0013770302   0.0014387414
        0.0007309125   0.0006465013   0.0000592714   0.0001796226   0.0002086465
       -0.0006044774  -0.0001867540  -0.0002110356   0.0003948863   0.0000494876
        0.0000477623  -0.0000768679   0.0000862002   0.0001245250   0.0002689048
        0.0005242909   0.0003516586   0.0006947759  -0.0001087137  -0.0000102675
       -0.0004908379   0.0000588912   0.0000613701  -0.0002162207  -0.0000438067
       -0.0000053877   0.0005719470   0.0000270080  -0.0001311506  -0.0002017422
        0.0000667075   0.0023558929  -0.0027847265   0.0037149928   0.0022463528
        0.0001120723   0.0000627911  -0.0026176889   0.0004753021  -0.0000230407
       -0.0002929857  -0.0000999658  -0.0000794664   0.0002928464   0.0001392850
        0.0000606803  -0.0000933439  -0.0000167450   0.1323952282   0.1306172521
        0.2861947867  -0.1337478304  -0.1233622282  -0.2780584800  -0.0025142505
       -0.0088289691  -0.0075493436
        0.0003576785   0.0007393481  -0.0003519179   0.0007115715  -0.0008104324
        0.0006824383   0.0001826549  -0.0000481808  -0.0000747121  -0.0002643007
       -0.0001700003  -0.0000805547   0.0015275802   0.0006432550  -0.0002583685
       -0.0008424963  -0.0001234631  -0.0006312847  -0.0001515357  -0.0000685575
       -0.0001474073   0.0004674494  -0.0000154809   0.0003617484   0.0002521565
       -0.0000806416  -0.0002391601  -0.0000958287   0.0001083346  -0.0001110193
       -0.0002716355   0.0000759205  -0.0006218614  -0.0001955359   0.0000871677
        0.0002635980  -0.0000701554  -0.0001802861   0.0000835986   0.0003826324
        0.0001241028  -0.0003334027  -0.0001967016  -0.0000245190   0.0000999522
       -0.0012861116  -0.0006978937   0.0008595191  -0.0016678650  -0.0012184836
       -0.0068867485  -0.0007956207   0.0007356785   0.0001298503  -0.0003375669
        0.0001617398   0.0000259221   0.0000297715  -0.0001147767   0.0001488650
       -0.0002695104   0.0001227151  -0.0000314961  -0.1005775038  -0.0335408704
       -0.1337478304   0.2271455134  -0.1164676060   0.1402597743  -0.1240346403
        0.1507629300   0.0006004972
        0.0011142814  -0.0001642601  -0.0005262790  -0.0003104025   0.0000285104
        0.0009701243   0.0000102094  -0.0000968190  -0.0001065197  -0.0001784425
        0.0000037340  -0.0002650954   0.0005387732   0.0006491052   0.0003970327
       -0.0000525893  -0.0003150659  -0.0007181253   0.0000901360  -0.0002313029
       -0.0003288679   0.0001837794   0.0003022287   0.0000602069   0.0000735951
       -0.0000430106   0.0000846957  -0.0001169795   0.0002036531  -0.0000651371
       -0.0000778554   0.0000333788  -0.0002107989  -0.0000773416  -0.0000349696
        0.0000921485  -0.0000865856  -0.0002166577   0.0000863928   0.0000974664
        0.0003238096  -0.0000821955  -0.0000513176  -0.0001126868  -0.0000623398
       -0.0006423089  -0.0008690231  -0.0002926583  -0.0010249636   0.0016014870
       -0.0023597607  -0.0001899922   0.0003891461   0.0001669437  -0.0000750823
       -0.0000074037   0.0001042501  -0.0001367371   0.0001994870  -0.0002018514
       -0.0001291712   0.0000121916   0.0000554117  -0.0548944835  -0.0794855382
       -0.1233622282  -0.1164676060   0.3629742417   0.1613471982   0.1724036178
       -0.2851442356  -0.0347825473
       -0.0006941580  -0.0008019319  -0.0000869437   0.0006046812   0.0010349671
       -0.0002065917  -0.0000280911  -0.0001972207  -0.0000504637   0.0001195617
       -0.0004042680   0.0005971682   0.0002829809   0.0008513791  -0.0017578374
       -0.0004616104  -0.0006218077   0.0007308159  -0.0002052959  -0.0000906215
        0.0009499233  -0.0000854662   0.0002705389  -0.0006088105  -0.0002359036
        0.0001333135   0.0002844744  -0.0000959282  -0.0000847641  -0.0001873072
       -0.0003312161  -0.0003404313  -0.0004797412   0.0000985734   0.0000596082
        0.0004152010  -0.0001160275   0.0001933032   0.0002202681  -0.0001977062
        0.0000487662  -0.0004619868  -0.0000740142   0.0002856029   0.0001078036
        0.0000025041  -0.0007634866   0.0014273921  -0.0058682778  -0.0029930043
       -0.0054402688  -0.0002921508   0.0011361200  -0.0006805778   0.0000711083
        0.0002904501  -0.0000303494  -0.0000278874  -0.0001551254  -0.0003323437
       -0.0000900165   0.0001915589  -0.0001125089  -0.1524705953  -0.0987527678
       -0.2780584800   0.1402597743   0.1613471982   0.3259308600   0.0198351614
       -0.0606373767  -0.0421696959
       -0.0009291472   0.0001548976   0.0004071536   0.0001184900   0.0001064846
       -0.0007443071   0.0000072968   0.0002067065   0.0000848174   0.0000243846
        0.0000640650   0.0000341593  -0.0004626714  -0.0002952749  -0.0000645537
        0.0001791027   0.0002401972   0.0004350367  -0.0002225473   0.0001463954
        0.0000150345  -0.0001977839  -0.0000138758   0.0002279549  -0.0001721892
        0.0000847512  -0.0001895435   0.0003610765  -0.0002245803  -0.0000012511
       -0.0002883598  -0.0000502660   0.0002060265   0.0001464127  -0.0001057415
       -0.0000770688  -0.0000264080   0.0001124318   0.0000709112  -0.0000486902
       -0.0000889984   0.0000259659   0.0000267461   0.0000501363  -0.0000196950
        0.0005217810   0.0001481392  -0.0000794534  -0.0007766680  -0.0001413457
        0.0002930352   0.0002340071  -0.0001488468  -0.0001535143   0.0002077471
       -0.0000446858  -0.0001746232   0.0001914748  -0.0000346590   0.0001996267
        0.0001941604  -0.0000247711  -0.0001675854   0.0108116345  -0.0127613026
       -0.0025142505  -0.1240346403   0.1724036178   0.0198351614   0.1141347912
       -0.1597834748  -0.0176490374
       -0.0000888212  -0.0000817012  -0.0000390808  -0.0001511120   0.0001244264
       -0.0001243994  -0.0001056786   0.0002010299   0.0000546826  -0.0000097038
        0.0000627048   0.0001952888  -0.0003022668  -0.0001831304  -0.0001802292
        0.0001191131   0.0001229386   0.0001497293   0.0000038340  -0.0000724683
        0.0001035791  -0.0001039704   0.0000649503  -0.0002547803  -0.0000967452
        0.0000152291   0.0001398254   0.0000505663   0.0000756732  -0.0000740719
        0.0000971316  -0.0003057180   0.0002530902   0.0000602029  -0.0000217936
       -0.0000718307   0.0000147938   0.0000404367   0.0001093205  -0.0000742974
       -0.0000234258   0.0001125911   0.0000914273  -0.0000315297  -0.0001394668
        0.0001847816   0.0002678731  -0.0002206111   0.0000039190  -0.0001092013
        0.0009825563   0.0002144939   0.0001509031  -0.0000262352   0.0001379073
       -0.0000612852   0.0000008070   0.0000555946   0.0000706934   0.0000151688
        0.0001229316  -0.0000934399   0.0000181878   0.0087964432  -0.0186688029
       -0.0088289691   0.1507629300  -0.2851442356  -0.0606373767  -0.1597834748
        0.3035998734   0.0684622242
        0.0004462648   0.0002923039   0.0001035591  -0.0004766743  -0.0003425600
        0.0001255264  -0.0000460722   0.0000094654   0.0000626683  -0.0000687863
        0.0002804776  -0.0005775922  -0.0001934280  -0.0001840603   0.0010056464
        0.0004067293   0.0001527719  -0.0004570972   0.0001751559  -0.0000271525
       -0.0005497513   0.0001064413  -0.0001529007   0.0003274843   0.0001908955
       -0.0001522400  -0.0001973583   0.0000237814  -0.0000177535   0.0000612395
        0.0000750933   0.0002418567   0.0001016585  -0.0000200357  -0.0000803838
       -0.0001561740   0.0001040448  -0.0002041262  -0.0001349711   0.0001474906
       -0.0000551937   0.0001695491   0.0000799871  -0.0001949786   0.0000263135
       -0.0001089315  -0.0001095700  -0.0008383449   0.0002362050   0.0007256154
        0.0002131735  -0.0001135278   0.0001609148   0.0001908117  -0.0000144999
       -0.0001369954   0.0000966059   0.0000138955   0.0000051097   0.0001938741
        0.0000570820  -0.0001389754   0.0001415512   0.0160274294  -0.0337513021
       -0.0075493436   0.0006004972  -0.0347825473  -0.0421696959  -0.0176490374
        0.0684622242   0.0498106670
