           1           2  0.901985949679223     
           2           3  0.907759562222454     
           4           5  0.909727006088463     
           5           6  0.833135139033542     
           7           8  0.840263816627456     
           8           9  0.918266891843747     
          10          11  0.914151180648618     
          11          12  0.856614431944464     
          13          14  0.845414430681341     
          14          15  0.873192458829486     
          16          17  0.859452554539629     
          17          18  0.885817829837667     
          19          20  0.885972807745341     
          20          21  0.918094728368472     
          22          23  0.880031730473960     
          23          24  0.927841969323413     
