           1           2  0.849963330391264     
           2           3  0.919239215324841     
           4           5  0.901326246684816     
           5           6  0.882220797694633     
           7           8  0.898935426816999     
           8           9  0.903256681015737     
          10          11  0.853395910059252     
          11          12  0.910759881613573     
          13          14  0.903096928391578     
          14          15  0.826322623986124     
          16          17  0.876665354856384     
          17          18  0.925713730725390     
          19          20  0.853671585269460     
          20          21  0.921174331063748     
          22          23  0.899475688913353     
          23          24  0.916483480973273     
