$hessian                                                                        
        0.0645051175   0.0131538926   0.0517768143  -0.0639297926  -0.0207117023
       -0.0878651572   0.0054098324   0.0090244261   0.0374894179  -0.0008291250
       -0.0019766606  -0.0025384558  -0.0053310466   0.0001249920   0.0001446308
        0.0014283218   0.0016124033   0.0024492506  -0.0021544871  -0.0027431945
       -0.0018775514   0.0014495271   0.0015401757   0.0003472790  -0.0004294555
       -0.0007651339   0.0005640467   0.0004361390   0.0000871982   0.0001852094
       -0.0005561627   0.0002066607  -0.0005399685   0.0001463778  -0.0000679503
       -0.0000357595  -0.0000465372   0.0001326448  -0.0001738115  -0.0004967169
       -0.0003230510   0.0004266429   0.0002677483   0.0002898609  -0.0006356908
       -0.0002126998   0.0004785205  -0.0002285857   0.0004510764  -0.0002307769
        0.0005125480  -0.0004605448  -0.0000287495  -0.0000878668   0.0000725494
       -0.0001687423   0.0002902944   0.0001704941  -0.0000120313  -0.0006357687
       -0.0003364440  -0.0000796097   0.0000824201   0.0008123666   0.0008922580
       -0.0001021475   0.0001295006  -0.0010561600  -0.0001928813  -0.0004960386
        0.0006207295   0.0006450905
        0.0131538926   0.0365987182   0.0829290577  -0.0117006431  -0.0309841626
       -0.0722683129   0.0003725904   0.0016143260  -0.0071291888  -0.0021106861
        0.0003710647  -0.0022340315   0.0004967438  -0.0058482934   0.0031036316
        0.0017198995  -0.0000199569  -0.0032988627  -0.0029640221   0.0002595599
       -0.0005778978   0.0011669189  -0.0006463752  -0.0003260892  -0.0005841434
        0.0002621236   0.0006163619   0.0000994675   0.0002821652   0.0002492324
        0.0000248525  -0.0007707891  -0.0004576233  -0.0000105599   0.0002821860
       -0.0001538093  -0.0000173377  -0.0000263911   0.0000897328  -0.0000858282
       -0.0009914711   0.0005295234  -0.0001333216   0.0008833771  -0.0012133869
        0.0004308650   0.0002544185   0.0005686545  -0.0000295903  -0.0005263674
       -0.0002938877  -0.0000701083  -0.0001256240   0.0000856124  -0.0000398052
        0.0004525184   0.0001750923  -0.0000636465  -0.0002953837   0.0000395321
        0.0000172971   0.0002529400   0.0000666920   0.0004390227  -0.0020078194
        0.0003665751  -0.0011816864   0.0007976594  -0.0004313498   0.0010698290
       -0.0000684229  -0.0004352583
        0.0517768143   0.0829290577   0.3435266306  -0.0539169396  -0.0733785459
       -0.3205134111   0.0022509748  -0.0061311808  -0.0228675438  -0.0031355832
       -0.0007691610   0.0001630247   0.0004092360  -0.0002613527   0.0012509342
        0.0038216085  -0.0023242922  -0.0011951140  -0.0020814088  -0.0012173294
        0.0018385479   0.0006113300  -0.0001644480  -0.0016191609   0.0001516025
        0.0006329580   0.0007178374   0.0008355785   0.0009365879  -0.0002353949
       -0.0008643220  -0.0009696438  -0.0000667508   0.0002862581   0.0003668235
        0.0001218265  -0.0003557966   0.0004055928  -0.0004608790   0.0000804481
       -0.0016564653   0.0031462513  -0.0006922745   0.0021189456  -0.0048362105
       -0.0004592501   0.0009439234   0.0010256951   0.0014472807  -0.0010268833
       -0.0005539672  -0.0005291991   0.0002571762   0.0001030735   0.0006452814
        0.0002370224   0.0001220208  -0.0007837793  -0.0000835384   0.0000914751
        0.0001114400  -0.0000374801   0.0001364855   0.0002136738  -0.0003742567
        0.0018536621  -0.0009051340  -0.0001108700  -0.0020310625   0.0010821604
       -0.0003226399   0.0002820300
       -0.0639297926  -0.0117006431  -0.0539169396   0.4168693759  -0.0204767742
       -0.0589559073  -0.3492840103   0.0338021695   0.1133250833   0.0001920770
        0.0007751202   0.0005683121   0.0029317150  -0.0006329681  -0.0039230227
       -0.0011066593  -0.0004529074   0.0000139687  -0.0008760089   0.0015272681
       -0.0005617309  -0.0044711759  -0.0029434826   0.0036841752  -0.0000394897
        0.0003083106  -0.0007469132  -0.0004118535  -0.0001464340  -0.0000749085
        0.0003408253  -0.0001826114   0.0005489699   0.0000699952   0.0000072224
        0.0000582790  -0.0000319896  -0.0000580200   0.0001723601   0.0006793893
        0.0003528651  -0.0005047645  -0.0005101885  -0.0003148956   0.0007766839
        0.0001481919  -0.0001662845   0.0005857641  -0.0000368496   0.0001348132
       -0.0005828702   0.0001507132   0.0001040738   0.0001218576  -0.0001268294
        0.0001255597  -0.0003834598  -0.0000131926   0.0000634937   0.0006034701
        0.0002315201  -0.0000829956  -0.0000942983  -0.0005140144  -0.0012386615
        0.0005160882  -0.0010005473   0.0017329381  -0.0006771638   0.0007387988
       -0.0005371562  -0.0005530333
       -0.0207117023  -0.0309841626  -0.0733785459  -0.0204767742   0.0461213586
        0.1009397355   0.0431650063  -0.0158452631  -0.0242430667   0.0009628544
       -0.0005041972   0.0005402054  -0.0010443766   0.0039637654  -0.0052059010
       -0.0010531511  -0.0005823525   0.0007693720   0.0003842414  -0.0036576909
        0.0008658492  -0.0017534960   0.0020134909   0.0007939306   0.0005442450
       -0.0006302431  -0.0011038326  -0.0000636291  -0.0003209168  -0.0002301450
        0.0000148737   0.0001148993   0.0005225669   0.0000810866   0.0000268024
        0.0000608127  -0.0000030083  -0.0000268288  -0.0001031125   0.0001395710
        0.0014630124  -0.0004090331   0.0000179944  -0.0013818680   0.0008256301
       -0.0004957749  -0.0006774673  -0.0010581473   0.0001514915   0.0015124281
        0.0007613188   0.0000310618  -0.0000829464  -0.0002985236   0.0000790891
       -0.0006160831   0.0000776266  -0.0000453187   0.0003941634  -0.0003059534
       -0.0000432062  -0.0007705463   0.0000548142  -0.0012145369   0.0011935307
       -0.0020820050   0.0028772655  -0.0000097291   0.0025310465  -0.0015438062
       -0.0007131560  -0.0003246426
       -0.0878651572  -0.0722683129  -0.3205134111  -0.0589559073   0.1009397355
        0.4413400300   0.1493805018  -0.0243797800  -0.0973645991   0.0011167943
        0.0002968696  -0.0006057630  -0.0039391192  -0.0047762090  -0.0209959549
       -0.0013009112   0.0007962103  -0.0002154269  -0.0014569395  -0.0006602659
       -0.0025141239   0.0036328298   0.0015667631   0.0001481336  -0.0002462539
       -0.0006342547   0.0000217754  -0.0005492016  -0.0004603191   0.0003308707
        0.0004593340   0.0004201598  -0.0004127749  -0.0003006158  -0.0000760122
       -0.0001936285   0.0001049262  -0.0001813081   0.0004690130  -0.0002744536
        0.0009617845  -0.0021332860   0.0003415780  -0.0011379072   0.0028367812
        0.0005573880  -0.0005015598  -0.0000009530  -0.0010935099   0.0006285842
        0.0002590033   0.0004275039  -0.0001507640   0.0002143836  -0.0005441129
       -0.0000266490   0.0000197699   0.0005789507  -0.0000671263  -0.0005303554
       -0.0002723418   0.0000681375  -0.0002017118   0.0005121305  -0.0013915639
       -0.0005109982  -0.0006039373   0.0016171381   0.0010244542   0.0002905241
       -0.0005833503  -0.0004712282
        0.0054098324   0.0003725904   0.0022509748  -0.3492840103   0.0431650063
        0.1493805018   0.3448423104  -0.0440464136  -0.1510957835   0.0000969137
        0.0000636821  -0.0001031413   0.0002661975  -0.0001039650  -0.0006100271
       -0.0000952933  -0.0002651771  -0.0000668666  -0.0002126553   0.0007925308
        0.0001773377  -0.0005744911  -0.0007945587   0.0002320166   0.0000502301
        0.0002706068  -0.0001285811  -0.0000110310   0.0000413000  -0.0000572395
       -0.0002286517  -0.0001122607   0.0000396876   0.0001219040   0.0000527586
        0.0000451371  -0.0000263249  -0.0000294212  -0.0000247690   0.0001268711
        0.0000023417   0.0000755111  -0.0002956598  -0.0000224172  -0.0000530261
       -0.0000229023   0.0000285884  -0.0000020252   0.0002065590  -0.0000376354
        0.0001219145  -0.0001767230  -0.0000839897  -0.0000268218   0.0000547639
        0.0000797557  -0.0002069346  -0.0000553716   0.0000530749   0.0001145739
        0.0000672708   0.0000015003  -0.0000626762  -0.0000675093  -0.0000842693
        0.0005084169   0.0000470950   0.0000662703  -0.0006018647  -0.0002393244
        0.0005901014   0.0000936844
        0.0090244261   0.0016143260  -0.0061311808   0.0338021695  -0.0158452631
       -0.0243797800  -0.0440464136   0.0147833890   0.0299857412  -0.0001171015
       -0.0000237016  -0.0005281887   0.0000654165  -0.0005203751   0.0010664660
        0.0002969080   0.0002047016  -0.0006290791   0.0011956136   0.0010990637
       -0.0009340639  -0.0006959291  -0.0005384546   0.0005984853  -0.0002278993
        0.0003264710   0.0002382930  -0.0000461067   0.0001454381   0.0001000796
       -0.0000097501  -0.0006568902  -0.0001462394  -0.0000535928   0.0004515304
       -0.0001247094  -0.0000090170  -0.0001614208   0.0000522419  -0.0000044465
       -0.0000993704   0.0000670133  -0.0000019010  -0.0002753901  -0.0003847872
        0.0002309354   0.0001501550   0.0003224662  -0.0001037539  -0.0001985825
       -0.0000058469  -0.0000194691  -0.0003689272  -0.0001125774  -0.0000351459
        0.0003045213   0.0001927054   0.0000736310   0.0000799111  -0.0000750528
        0.0000398923   0.0002023862   0.0000837337  -0.0002484587  -0.0005820227
        0.0011599636  -0.0009247155  -0.0002863537  -0.0010022287   0.0018147081
        0.0001948587   0.0005865452
        0.0374894179  -0.0071291888  -0.0228675438   0.1133250833  -0.0242430667
       -0.0973645991  -0.1510957835   0.0299857412   0.1211120014  -0.0002309760
       -0.0005653716  -0.0006492774  -0.0000532136   0.0000279154   0.0009679547
        0.0000514466   0.0000938987  -0.0003702132   0.0011481352   0.0001703729
       -0.0001183197  -0.0002985075   0.0002822320  -0.0001197436   0.0001716865
        0.0000131605   0.0001216918   0.0002659155   0.0000514043  -0.0000537832
       -0.0002526997  -0.0000762741   0.0000710021   0.0001957859   0.0000287155
        0.0001077839   0.0000634692  -0.0000014120  -0.0002544829   0.0000127292
       -0.0000568406   0.0004363957   0.0000458820   0.0000303276  -0.0007043111
       -0.0002937469   0.0001432523  -0.0005735648   0.0004435823  -0.0000553367
        0.0003074481  -0.0003043729  -0.0001044060  -0.0003350023   0.0002064058
       -0.0000564982   0.0001531716  -0.0000798950   0.0000363133   0.0001040501
        0.0000184329  -0.0000266867   0.0002118265   0.0003131780   0.0014868339
       -0.0005987698   0.0004466425  -0.0014370134  -0.0000248599  -0.0015885979
        0.0014019272   0.0004411450
       -0.0008291250  -0.0021106861  -0.0031355832   0.0001920770   0.0009628544
        0.0011167943   0.0000969137  -0.0001171015  -0.0002309760   0.2974445758
        0.1604765880  -0.0240193309  -0.2669973204  -0.1437472414   0.0201167047
       -0.0310066926  -0.0134761154   0.0029811722  -0.0000824972  -0.0002299913
        0.0001747641   0.0000450462   0.0001343905   0.0000082202   0.0000919542
       -0.0000337100  -0.0000428368   0.0000439567  -0.0001241018  -0.0001205385
       -0.0000069579   0.0001854220   0.0000637032   0.0000440380  -0.0001203015
        0.0000708140   0.0003817171  -0.0000348829  -0.0000654218  -0.0003148403
        0.0012553463  -0.0013609008   0.0007265506  -0.0025870812   0.0038235682
        0.0003289882   0.0009314898   0.0000757924   0.0006986305  -0.0011437119
        0.0007054004  -0.0011066141   0.0002880461  -0.0000069309   0.0001116452
       -0.0002296896   0.0000614417   0.0001571566   0.0001423996  -0.0001147771
       -0.0000199687  -0.0002285713   0.0000762370  -0.0000491078  -0.0001171707
        0.0000537583  -0.0001421221  -0.0001708497  -0.0003804504   0.0001919965
        0.0000946695   0.0001493759
       -0.0019766606   0.0003710647  -0.0007691610   0.0007751202  -0.0005041972
        0.0002968696   0.0000636821  -0.0000237016  -0.0005653716   0.1604765880
        0.1465658965  -0.0118174963  -0.1764335162  -0.1609500027   0.0130184297
        0.0191578303   0.0152461418  -0.0015539081  -0.0001930503   0.0001460615
        0.0002287131   0.0000876945  -0.0001709978  -0.0001563815  -0.0000224675
        0.0003176502   0.0000186161  -0.0005598913   0.0001063708  -0.0001214327
        0.0003998855  -0.0002022726   0.0001248671  -0.0001009239   0.0002542287
        0.0000230058   0.0000864617  -0.0002964681   0.0007018480   0.0010365061
       -0.0002295763  -0.0003712306  -0.0026362261  -0.0004444619   0.0017400164
        0.0006079305  -0.0017406894  -0.0002196409  -0.0015362759   0.0009459080
       -0.0008035536   0.0012535119   0.0000301493   0.0002825739  -0.0000426001
        0.0003272625  -0.0001079632  -0.0000022736  -0.0000428113   0.0001317348
        0.0000799352   0.0002475313  -0.0000534250  -0.0005346259  -0.0006214126
       -0.0002593472  -0.0001489488   0.0010933916   0.0008081717   0.0001623141
       -0.0004250655  -0.0005759344
       -0.0025384558  -0.0022340315   0.0001630247   0.0005683121   0.0005402054
       -0.0006057630  -0.0001031413  -0.0005281887  -0.0006492774  -0.0240193309
       -0.0118174963   0.0176956424   0.0192491746   0.0094740035  -0.0181811519
        0.0040279773   0.0019918308   0.0022936459  -0.0004106049  -0.0004031722
        0.0000931016   0.0002653417   0.0001132876  -0.0001272102  -0.0001111233
       -0.0000781302   0.0003630820   0.0007221707   0.0005959118   0.0002399319
       -0.0005079556  -0.0004357248  -0.0002259639   0.0002721948   0.0003845691
        0.0001275372  -0.0000215554   0.0007637852  -0.0003821853  -0.0010283185
       -0.0009958811  -0.0008183989   0.0031403865   0.0035017570  -0.0003749302
       -0.0001351709   0.0004137422   0.0008558884   0.0012594675  -0.0010761376
       -0.0007535179  -0.0004864732   0.0002740620   0.0004621315   0.0002578492
        0.0001043521   0.0003243575  -0.0001068047   0.0000681337  -0.0002461212
       -0.0000748730  -0.0000779022   0.0001726938  -0.0001479609  -0.0005794033
        0.0002068002  -0.0002463286   0.0004870118  -0.0002906650   0.0001752227
       -0.0004865842  -0.0003426523
       -0.0053310466   0.0004967438   0.0004092360   0.0029317150  -0.0010443766
       -0.0039391192   0.0002661975   0.0000654165  -0.0000532136  -0.2669973204
       -0.1764335162   0.0192491746   0.4678459205   0.0235499167  -0.0338053588
       -0.1929650717   0.1512978935   0.0225450992  -0.0000772538   0.0009621244
        0.0006156771  -0.0011483681  -0.0012501066  -0.0010747413   0.0001878214
        0.0014449698  -0.0001433726  -0.0017280846   0.0000419814  -0.0006993825
        0.0004620022  -0.0008859625   0.0008256997  -0.0004458515   0.0004976228
       -0.0002017155  -0.0000330569  -0.0005972334   0.0002473421   0.0048438437
        0.0015818951  -0.0032343315  -0.0055506040  -0.0004844473   0.0001723379
        0.0001945127  -0.0018784913  -0.0003246773  -0.0023317985   0.0013466366
       -0.0007739494   0.0009890864  -0.0006894108   0.0001212161   0.0002235517
        0.0012206012  -0.0008253199  -0.0009549855   0.0001624146   0.0009612483
        0.0006216994   0.0006851016  -0.0003150885  -0.0008094531  -0.0004569638
       -0.0003778916   0.0001141410   0.0010750539   0.0011335355  -0.0003075967
       -0.0007078634  -0.0005124048
        0.0001249920  -0.0058482934  -0.0002613527  -0.0006329681   0.0039637654
       -0.0047762090  -0.0001039650  -0.0005203751   0.0000279154  -0.1437472414
       -0.1609500027   0.0094740035   0.0235499167   0.3503772389  -0.0019047631
        0.1185021353  -0.1806884682  -0.0172869370   0.0002574900  -0.0003039383
        0.0003608443  -0.0007165747   0.0008068417  -0.0002698019   0.0005988700
        0.0000707328  -0.0001344892   0.0008748127  -0.0000632599  -0.0005292111
       -0.0013044754   0.0003449933   0.0002277451   0.0001766358  -0.0002584957
        0.0000145428  -0.0008729834  -0.0007733023  -0.0000237081   0.0015479978
        0.0011298189   0.0116220200   0.0002934470  -0.0067860567   0.0032914109
       -0.0008821013  -0.0001062476   0.0001043321   0.0011912475   0.0002042159
        0.0002433143  -0.0000208000  -0.0003591796  -0.0002438627   0.0004734076
       -0.0009164162   0.0001097748   0.0001844914   0.0008899300  -0.0002335564
        0.0000322549  -0.0001573923   0.0001585551   0.0000002865   0.0007258180
        0.0008253908   0.0007787134  -0.0009349390  -0.0009879890  -0.0003055891
        0.0001530122   0.0001920311
        0.0001446308   0.0031036316   0.0012509342  -0.0039230227  -0.0052059010
       -0.0209959549  -0.0006100271   0.0010664660   0.0009679547   0.0201167047
        0.0130184297  -0.0181811519  -0.0338053588  -0.0019047631   0.1055206415
        0.0222886915  -0.0213472446  -0.0282558096   0.0018653675   0.0020241395
       -0.0003673546  -0.0018756600  -0.0007090731   0.0011494708   0.0005011615
        0.0004840672  -0.0018151352  -0.0037648084  -0.0031434472  -0.0011197435
        0.0028756869   0.0008361961   0.0013629224  -0.0008120698  -0.0009056666
       -0.0002850834   0.0021597387  -0.0013962429  -0.0004249475  -0.0027149392
        0.0136300226  -0.0258871605  -0.0000433213  -0.0009965652  -0.0123333536
       -0.0000683256  -0.0006887500  -0.0028048592  -0.0021065106   0.0011670582
        0.0025283936   0.0000423850  -0.0008960745  -0.0006276756  -0.0012840321
        0.0000598927  -0.0007386671   0.0010131480  -0.0004697779   0.0012544575
        0.0002709420   0.0001198858   0.0000285105  -0.0002237303   0.0020880616
       -0.0015730374   0.0013312273  -0.0009305245   0.0014157393  -0.0013778778
        0.0009961795  -0.0000690905
        0.0014283218   0.0017198995   0.0038216085  -0.0011066593  -0.0010531511
       -0.0013009112  -0.0000952933   0.0002969080   0.0000514466  -0.0310066926
        0.0191578303   0.0040279773  -0.1929650717   0.1185021353   0.0222886915
        0.2223787027  -0.1413126479  -0.0254914474   0.0003840376  -0.0003698613
       -0.0003408262   0.0002328763   0.0010492356   0.0007867477   0.0002618561
       -0.0008108361  -0.0000599484   0.0008691565   0.0001013277   0.0001144527
       -0.0006623868   0.0006433973  -0.0003690748   0.0001816696  -0.0003513993
        0.0001338865   0.0001117108   0.0004137245  -0.0000463588  -0.0008021664
       -0.0014619455   0.0014208552  -0.0003383758   0.0035419809  -0.0046895806
       -0.0001057021   0.0004840476  -0.0000059910   0.0004460455  -0.0002006598
        0.0001430995  -0.0002966443   0.0005771769   0.0000057029   0.0001694672
       -0.0012142227   0.0007262295   0.0010915913   0.0004772659  -0.0014193676
       -0.0005717369  -0.0005770127   0.0002168969   0.0001043429   0.0002164422
        0.0000083346   0.0002406027  -0.0001192186  -0.0000604988   0.0000503481
        0.0002895835   0.0000380751
        0.0016124033  -0.0000199569  -0.0023242922  -0.0004529074  -0.0005823525
        0.0007962103  -0.0002651771   0.0002047016   0.0000938987  -0.0134761154
        0.0152461418   0.0019918308   0.1512978935  -0.1806884682  -0.0213472446
       -0.1413126479   0.1677431252   0.0191561864  -0.0000471279  -0.0004262192
       -0.0008427429   0.0009131151   0.0007013984   0.0008006971  -0.0003733699
       -0.0011436950   0.0000612779   0.0004827781  -0.0004524095   0.0007060124
        0.0002059869   0.0006700771  -0.0005581818   0.0000771640  -0.0002845000
       -0.0000662924  -0.0000546723   0.0003221768   0.0000065985  -0.0008919645
       -0.0002697509  -0.0004808453   0.0026044249  -0.0009367605   0.0018056338
        0.0000969584   0.0004074782   0.0000663275  -0.0001210428   0.0000641498
       -0.0000168799  -0.0001702670   0.0002678311   0.0000188861  -0.0006131567
       -0.0003232113   0.0004887678   0.0005209159  -0.0006990150  -0.0004634166
       -0.0003939821  -0.0000791589   0.0000786653   0.0004046105   0.0000455837
       -0.0000284521  -0.0001653730   0.0000762834  -0.0000697389   0.0001215532
        0.0001565509   0.0001270944
        0.0024492506  -0.0032988627  -0.0011951140   0.0000139687   0.0007693720
       -0.0002154269  -0.0000668666  -0.0006290791  -0.0003702132   0.0029811722
       -0.0015539081   0.0022936459   0.0225450992  -0.0172869370  -0.0282558096
       -0.0254914474   0.0191561864   0.0270096865  -0.0001319582  -0.0010633578
       -0.0002977913   0.0007623297   0.0006771285  -0.0003344458  -0.0002147600
       -0.0002508210   0.0005961862   0.0000095011   0.0010451759   0.0000304938
       -0.0003576485  -0.0010059318  -0.0002804391   0.0000479193   0.0007929292
       -0.0000228978  -0.0001018990   0.0005758417  -0.0001948233   0.0000696764
       -0.0002972585  -0.0013295699  -0.0023779425   0.0024557536   0.0021052568
       -0.0000143490   0.0000914650   0.0005115345   0.0002352533   0.0001494018
       -0.0001614608  -0.0000501545   0.0000571739   0.0001534329   0.0004798518
        0.0007414638   0.0002078705  -0.0009649596  -0.0001722720  -0.0006889743
       -0.0001761893  -0.0001492135  -0.0002008390   0.0001625735  -0.0005279319
        0.0003830911  -0.0001244636   0.0001496982   0.0001611615   0.0003160423
       -0.0004260164   0.0000954451
       -0.0021544871  -0.0029640221  -0.0020814088  -0.0008760089   0.0003842414
       -0.0014569395  -0.0002126553   0.0011956136   0.0011481352  -0.0000824972
       -0.0001930503  -0.0004106049  -0.0000772538   0.0002574900   0.0018653675
        0.0003840376  -0.0000471279  -0.0001319582   0.2542062418   0.0156800969
       -0.1937605966  -0.2637800946  -0.0148304131   0.2038752226   0.0129485480
        0.0002724743  -0.0080162937   0.0002150933   0.0001210547  -0.0000293899
       -0.0003518782  -0.0000926395  -0.0003013064   0.0001850901   0.0000838154
        0.0000020770   0.0000052837   0.0000039045  -0.0001562176  -0.0000386202
       -0.0001087095   0.0003934349  -0.0001144106   0.0001089123  -0.0006131752
       -0.0002145913   0.0000270201  -0.0002671813   0.0003174840  -0.0000533926
        0.0002088516  -0.0001914439  -0.0000495526  -0.0001190387  -0.0000103442
        0.0000038041  -0.0000985302   0.0000213051   0.0000038764  -0.0001861044
        0.0001204102  -0.0001635425   0.0002061794  -0.0002549127   0.0007747497
       -0.0004036469   0.0004671859  -0.0005751457   0.0002485116  -0.0005114816
        0.0001605424   0.0000846126
       -0.0027431945   0.0002595599  -0.0012173294   0.0015272681  -0.0036576909
       -0.0006602659   0.0007925308   0.0010990637   0.0001703729  -0.0002299913
        0.0001460615  -0.0004031722   0.0009621244  -0.0003039383   0.0020241395
       -0.0003698613  -0.0004262192  -0.0010633578   0.0156800969   0.0184174648
       -0.0332258992  -0.0026807265  -0.0147341279   0.0216308479  -0.0128955219
       -0.0010715668   0.0131064378   0.0001503443   0.0004342848   0.0001576565
       -0.0000827612  -0.0011177221  -0.0003712543  -0.0000086879   0.0005108867
       -0.0000289885   0.0000303308   0.0000328578  -0.0000052551  -0.0000674173
       -0.0002708177   0.0003253816  -0.0002007351   0.0001164292  -0.0007920024
       -0.0000460577   0.0000472805  -0.0000208055   0.0001958634  -0.0000478659
        0.0001601027  -0.0001487378  -0.0002602487  -0.0001130858  -0.0000419446
        0.0008579128  -0.0000504037  -0.0003400099  -0.0004216587   0.0003012606
        0.0003382658   0.0003866023   0.0000297072   0.0004714364   0.0004627516
        0.0000473915  -0.0001841695  -0.0004927151   0.0000487377  -0.0001084442
        0.0000334157  -0.0000502161
       -0.0018775514  -0.0005778978   0.0018385479  -0.0005617309   0.0008658492
       -0.0025141239   0.0001773377  -0.0009340639  -0.0001183197   0.0001747641
        0.0002287131   0.0000931016   0.0006156771   0.0003608443  -0.0003673546
       -0.0003408262  -0.0008427429  -0.0002977913  -0.1937605966  -0.0332258992
        0.2228690036   0.1693798627   0.0296870285  -0.1941092100   0.0264484590
        0.0044184060  -0.0281169108  -0.0002449470  -0.0000265896  -0.0005211155
        0.0001074648  -0.0000842634   0.0009483109  -0.0000863885  -0.0000338790
        0.0001491729  -0.0000179603  -0.0000432626  -0.0001156208   0.0002998470
        0.0000899314   0.0003971615  -0.0001652190  -0.0000345296  -0.0003613659
       -0.0001435215   0.0000442902   0.0000431946   0.0001643760  -0.0001229365
       -0.0001561384   0.0000072824   0.0000595056  -0.0000648733   0.0005578620
       -0.0001563805  -0.0001685245  -0.0006169138   0.0001336886   0.0004814358
        0.0002384444   0.0001007354  -0.0000619743  -0.0005111839   0.0001564362
        0.0006388984   0.0001110125  -0.0001654278  -0.0005664219   0.0000444493
        0.0001024442   0.0000809179
        0.0014495271   0.0011669189   0.0006113300  -0.0044711759  -0.0017534960
        0.0036328298  -0.0005744911  -0.0006959291  -0.0002985075   0.0000450462
        0.0000876945   0.0002653417  -0.0011483681  -0.0007165747  -0.0018756600
        0.0002328763   0.0009131151   0.0007623297  -0.2637800946  -0.0026807265
        0.1693798627   0.3740106754  -0.0618283050  -0.0631396077  -0.1076877860
        0.0655539527  -0.1095926771  -0.0001138407  -0.0001576880   0.0006237062
        0.0015860134  -0.0000479518  -0.0004312189  -0.0002731405  -0.0000070098
       -0.0004448013   0.0000962218   0.0000186664   0.0002457858   0.0000870653
        0.0001090634  -0.0008558234   0.0002124668  -0.0000662862   0.0011509569
        0.0003183679  -0.0000121464   0.0002262782  -0.0003195645   0.0001228161
       -0.0002370500   0.0001417816   0.0000663766   0.0000958746  -0.0013276828
        0.0002176679  -0.0001124589   0.0010063053   0.0006752682   0.0008824038
        0.0000587617  -0.0007137026  -0.0006830886   0.0004940537  -0.0005996046
       -0.0000513189  -0.0004889313   0.0004809301  -0.0000506071   0.0004459129
       -0.0001330492  -0.0001038802
        0.0015401757  -0.0006463752  -0.0001644480  -0.0029434826   0.0020134909
        0.0015667631  -0.0007945587  -0.0005384546   0.0002822320   0.0001343905
       -0.0001709978   0.0001132876  -0.0012501066   0.0008068417  -0.0007090731
        0.0010492356   0.0007013984   0.0006771285  -0.0148304131  -0.0147341279
        0.0296870285  -0.0618283050   0.0895730610  -0.1681139811   0.0788436223
       -0.0761845601   0.1360585684  -0.0000235436  -0.0009662556   0.0001731294
       -0.0001387541   0.0030722719   0.0006167344   0.0000298507  -0.0007138728
        0.0000991933  -0.0000226904  -0.0001424016   0.0000342123  -0.0000666060
        0.0009729264  -0.0005738639   0.0003523511  -0.0009251593   0.0009617150
       -0.0000763040  -0.0004063991  -0.0002119874  -0.0000580448   0.0007154067
        0.0002004990   0.0000389328  -0.0001058119  -0.0001191189   0.0004486168
       -0.0020404829   0.0014622421   0.0013577458   0.0010047668  -0.0029287452
       -0.0016479176  -0.0011588608   0.0008163867  -0.0005517918  -0.0008280971
       -0.0001587316   0.0005440446   0.0010240011   0.0004809179  -0.0001064475
       -0.0003223084  -0.0002500891
        0.0003472790  -0.0003260892  -0.0016191609   0.0036841752   0.0007939306
        0.0001481336   0.0002320166   0.0005984853  -0.0001197436   0.0000082202
       -0.0001563815  -0.0001272102  -0.0010747413  -0.0002698019   0.0011494708
        0.0007867477   0.0008006971  -0.0003344458   0.2038752226   0.0216308479
       -0.1941092100  -0.0631396077  -0.1681139811   0.4956789945  -0.1439932249
        0.1446610930  -0.2965621047   0.0009528221   0.0000091129   0.0004049398
       -0.0009621958   0.0014673053  -0.0033829640  -0.0002252098  -0.0001683992
       -0.0002521822   0.0000912140   0.0000769170   0.0000677475  -0.0010642608
       -0.0003152810  -0.0002654232   0.0006898024   0.0002478884  -0.0000068604
        0.0001526419  -0.0000857594  -0.0002041864  -0.0004393860   0.0001178009
        0.0002506752   0.0001493459  -0.0000148683   0.0000609777  -0.0001411861
       -0.0000730795   0.0013358427   0.0011365353  -0.0012820234  -0.0022005909
       -0.0011254839   0.0004737341   0.0000592286   0.0000524475  -0.0001046223
       -0.0005335627   0.0000573036   0.0001380178   0.0006214820  -0.0000504778
       -0.0001055435  -0.0000598474
       -0.0004294555  -0.0005841434   0.0001516025  -0.0000394897   0.0005442450
       -0.0002462539   0.0000502301  -0.0002278993   0.0001716865   0.0000919542
       -0.0000224675  -0.0001111233   0.0001878214   0.0005988700   0.0005011615
        0.0002618561  -0.0003733699  -0.0002147600   0.0129485480  -0.0128955219
        0.0264484590  -0.1076877860   0.0788436223  -0.1439932249   0.0976028322
       -0.0663029194   0.1172478517   0.0001164408  -0.0000263210  -0.0009769515
       -0.0028988942   0.0004040584  -0.0003962480   0.0004809366  -0.0000827128
        0.0007403813  -0.0001503419  -0.0000667402  -0.0002033870  -0.0000891842
        0.0001160141   0.0006044361  -0.0002513138  -0.0002408128  -0.0005694878
       -0.0002416919  -0.0000089328  -0.0000320482   0.0002639549  -0.0000545080
        0.0001375736  -0.0001011862  -0.0000282324  -0.0000226831   0.0012362186
        0.0001983516   0.0011708672  -0.0003878950  -0.0008113618  -0.0006169787
       -0.0008054359   0.0009586262  -0.0001171767  -0.0003489494   0.0002396599
        0.0004135472   0.0003346889  -0.0002705881  -0.0001861734  -0.0001438582
        0.0000930837   0.0000989296
       -0.0007651339   0.0002621236   0.0006329580   0.0003083106  -0.0006302431
       -0.0006342547   0.0002706068   0.0003264710   0.0000131605  -0.0000337100
        0.0003176502  -0.0000781302   0.0014449698   0.0000707328   0.0004840672
       -0.0008108361  -0.0011436950  -0.0002508210   0.0002724743  -0.0010715668
        0.0044184060   0.0655539527  -0.0761845601   0.1446610930  -0.0663029194
        0.0797029054  -0.1478030527  -0.0001340251   0.0010161849  -0.0004768431
        0.0003639207  -0.0039100583   0.0003148918  -0.0002178344   0.0007208575
       -0.0002230404   0.0000187503   0.0000371570  -0.0000470559   0.0002311881
       -0.0005207751   0.0004942021  -0.0006313989   0.0002005801  -0.0007372002
       -0.0001374329   0.0001158359   0.0000195112   0.0003261254  -0.0002298387
        0.0000297992  -0.0001797954  -0.0001069216  -0.0000122744   0.0003723786
        0.0010572999  -0.0019352104  -0.0011539646  -0.0001449280   0.0015047524
        0.0012516829  -0.0000431051  -0.0002693983   0.0000651488   0.0005356500
       -0.0000725467   0.0000306577  -0.0004229011  -0.0000826163  -0.0001431160
        0.0000451446   0.0000496028
        0.0005640467   0.0006163619   0.0007178374  -0.0007469132  -0.0011038326
        0.0000217754  -0.0001285811   0.0002382930   0.0001216918  -0.0000428368
        0.0000186161   0.0003630820  -0.0001433726  -0.0001344892  -0.0018151352
       -0.0000599484   0.0000612779   0.0005961862  -0.0080162937   0.0131064378
       -0.0281169108  -0.1095926771   0.1360585684  -0.2965621047   0.1172478517
       -0.1478030527   0.3232626851  -0.0015752901  -0.0003676211  -0.0002275790
       -0.0001254626   0.0003295215   0.0014490360   0.0005186152  -0.0001132453
        0.0003420785  -0.0000033046  -0.0000666709   0.0000605974   0.0009297701
        0.0005577387  -0.0001685212  -0.0001206455  -0.0002593135   0.0008092409
        0.0001113630   0.0001277233   0.0002790190  -0.0000566079  -0.0002093199
       -0.0003660497   0.0001230221   0.0001175497   0.0000464522   0.0012014947
       -0.0018708496  -0.0007290792  -0.0004108944   0.0008698612  -0.0001236512
        0.0000549587  -0.0001499262   0.0002570351   0.0005502489  -0.0000059966
        0.0002252024  -0.0004956838  -0.0000998045  -0.0004529418   0.0002171406
        0.0000821724   0.0000100533
        0.0004361390   0.0000994675   0.0008355785  -0.0004118535  -0.0000636291
       -0.0005492016  -0.0000110310  -0.0000461067   0.0002659155   0.0000439567
       -0.0005598913   0.0007221707  -0.0017280846   0.0008748127  -0.0037648084
        0.0008691565   0.0004827781   0.0000095011   0.0002150933   0.0001503443
       -0.0002449470  -0.0001138407  -0.0000235436   0.0009528221   0.0001164408
       -0.0001340251  -0.0015752901   0.3551454241   0.0753235010   0.0752853986
       -0.3296132471  -0.0741371275  -0.0793213556  -0.0269024628  -0.0064342974
        0.0022159089  -0.0011530523   0.0031794917  -0.0002704967   0.0042677404
        0.0041432356   0.0015030499   0.0004144091  -0.0049659405   0.0053315796
       -0.0002378147   0.0003625798   0.0008703564   0.0012469797  -0.0005454158
       -0.0008496236  -0.0000352374   0.0002413623  -0.0000161395  -0.0038794661
        0.0038932570  -0.0019092585   0.0011471657  -0.0019690089   0.0008527285
       -0.0000120584   0.0003508380  -0.0001116484   0.0003398362   0.0002052523
        0.0003307660  -0.0002839914  -0.0005924831  -0.0007210485   0.0001397986
        0.0001645489   0.0001580421
        0.0000871982   0.0002821652   0.0009365879  -0.0001464340  -0.0003209168
       -0.0004603191   0.0000413000   0.0001454381   0.0000514043  -0.0001241018
        0.0001063708   0.0005959118   0.0000419814  -0.0000632599  -0.0031434472
        0.0001013277  -0.0004524095   0.0010451759   0.0001210547   0.0004342848
       -0.0000265896  -0.0001576880  -0.0009662556   0.0000091129  -0.0000263210
        0.0010161849  -0.0003676211   0.0753235010   0.0309769171   0.0175006489
       -0.0745245803  -0.0329525140  -0.0210762919  -0.0041022777   0.0035151202
        0.0008764370   0.0009506720   0.0025035002   0.0000266424   0.0046109088
       -0.0043744616   0.0006092228  -0.0030751765  -0.0017287096   0.0035163686
       -0.0000484565   0.0005791625   0.0002848295   0.0007337856  -0.0009247949
       -0.0005613181  -0.0001827712   0.0002922658   0.0001746233  -0.0001790197
        0.0043051117  -0.0002212072   0.0004713943  -0.0023705491   0.0005954995
        0.0001462809  -0.0000487381  -0.0001763566   0.0000910356   0.0004643017
       -0.0000887947  -0.0001232464  -0.0005881284  -0.0003461072  -0.0000303671
        0.0001699142   0.0002455881
        0.0001852094   0.0002492324  -0.0002353949  -0.0000749085  -0.0002301450
        0.0003308707  -0.0000572395   0.0001000796  -0.0000537832  -0.0001205385
       -0.0001214327   0.0002399319  -0.0006993825  -0.0005292111  -0.0011197435
        0.0001144527   0.0007060124   0.0000304938  -0.0000293899   0.0001576565
       -0.0005211155   0.0006237062   0.0001731294   0.0004049398  -0.0009769515
       -0.0004768431  -0.0002275790   0.0752853986   0.0175006489   0.0716034683
       -0.1129040878  -0.0278987390  -0.0756844804   0.0345172710   0.0077066284
        0.0076768506   0.0001204867   0.0010795370   0.0008721400   0.0020775539
       -0.0000097785  -0.0051524295   0.0024597644   0.0016265336   0.0020873510
        0.0003908884   0.0001331682   0.0001289980  -0.0002178947  -0.0002334537
       -0.0004824820   0.0001521142   0.0001087756   0.0001509194  -0.0009970439
       -0.0000665907   0.0009470893   0.0004457055   0.0000217768  -0.0007741531
       -0.0002255669  -0.0000078137   0.0001214813   0.0001918189  -0.0000225705
       -0.0004275293  -0.0004249848   0.0000618045   0.0000584529   0.0001636186
       -0.0000284053   0.0000257034
       -0.0005561627   0.0000248525  -0.0008643220   0.0003408253   0.0000148737
        0.0004593340  -0.0002286517  -0.0000097501  -0.0002526997  -0.0000069579
        0.0003998855  -0.0005079556   0.0004620022  -0.0013044754   0.0028756869
       -0.0006623868   0.0002059869  -0.0003576485  -0.0003518782  -0.0000827612
        0.0001074648   0.0015860134  -0.0001387541  -0.0009621958  -0.0028988942
        0.0003639207  -0.0001254626  -0.3296132471  -0.0745245803  -0.1129040878
        0.4657110627   0.0824518769  -0.0280006536  -0.1125728475  -0.0079960810
        0.1482174799   0.0002962859  -0.0019667426  -0.0002252308  -0.0136378218
       -0.0075845354  -0.0031909000  -0.0001864757   0.0023640168  -0.0031307183
        0.0004849129  -0.0001040579  -0.0008671459  -0.0012269465   0.0002100752
        0.0003185974   0.0002742466  -0.0001070247  -0.0002148405  -0.0021871723
       -0.0049230912   0.0015869575  -0.0047289700   0.0127705078  -0.0027903204
        0.0002608946  -0.0002054824   0.0012506762  -0.0001711746  -0.0000606995
       -0.0007131621  -0.0003067234   0.0003112152   0.0006222897  -0.0000799334
       -0.0001091754  -0.0003311430
        0.0002066607  -0.0007707891  -0.0009696438  -0.0001826114   0.0001148993
        0.0004201598  -0.0001122607  -0.0006568902  -0.0000762741   0.0001854220
       -0.0002022726  -0.0004357248  -0.0008859625   0.0003449933   0.0008361961
        0.0006433973   0.0006700771  -0.0010059318  -0.0000926395  -0.0011177221
       -0.0000842634  -0.0000479518   0.0030722719   0.0014673053   0.0004040584
       -0.0039100583   0.0003295215  -0.0741371275  -0.0329525140  -0.0278987390
        0.0824518769   0.0701374970   0.0184310556  -0.0101307564  -0.0190719808
        0.0094399150  -0.0008698682  -0.0008536837  -0.0001223567  -0.0065278742
        0.0017710124  -0.0012784277   0.0012462920  -0.0002477338  -0.0007156002
       -0.0000705815  -0.0004458166   0.0001367414  -0.0003098062   0.0006285024
        0.0000603936   0.0001370908   0.0001025619  -0.0001233259  -0.0033972920
       -0.0034722452  -0.0012439536   0.0120423212  -0.0119938499   0.0027683616
       -0.0006862850  -0.0002734202  -0.0006615947  -0.0001285163  -0.0008264342
        0.0006136602   0.0002739663   0.0003514665   0.0000373161  -0.0000115525
       -0.0003978711   0.0000752097
       -0.0005399685  -0.0004576233  -0.0000667508   0.0005489699   0.0005225669
       -0.0004127749   0.0000396876  -0.0001462394   0.0000710021   0.0000637032
        0.0001248671  -0.0002259639   0.0008256997   0.0002277451   0.0013629224
       -0.0003690748  -0.0005581818  -0.0002804391  -0.0003013064  -0.0003712543
        0.0009483109  -0.0004312189   0.0006167344  -0.0033829640  -0.0003962480
        0.0003148918   0.0014490360  -0.0793213556  -0.0210762919  -0.0756844804
       -0.0280006536   0.0184310556   0.3871390139   0.1153353497   0.0003774404
       -0.3084377112   0.0000167720  -0.0004682969  -0.0005956442  -0.0045185631
       -0.0021248106   0.0022908619  -0.0002735165   0.0007106059  -0.0020379969
       -0.0001577772  -0.0000293744  -0.0002844984  -0.0001431321  -0.0000347490
        0.0003117391  -0.0000080287   0.0000127425  -0.0000399187  -0.0003707251
        0.0011270764  -0.0057313198  -0.0023907609   0.0026513131   0.0035360394
        0.0005568276   0.0001211780  -0.0001957840  -0.0003051971   0.0000829582
        0.0002053332   0.0003273990  -0.0000876073   0.0000224107  -0.0001868826
        0.0000332537   0.0000395766
        0.0001463778  -0.0000105599   0.0002862581   0.0000699952   0.0000810866
       -0.0003006158   0.0001219040  -0.0000535928   0.0001957859   0.0000440380
       -0.0001009239   0.0002721948  -0.0004458515   0.0001766358  -0.0008120698
        0.0001816696   0.0000771640   0.0000479193   0.0001850901  -0.0000086879
       -0.0000863885  -0.0002731405   0.0000298507  -0.0002252098   0.0004809366
       -0.0002178344   0.0005186152  -0.0269024628  -0.0041022777   0.0345172710
       -0.1125728475  -0.0101307564   0.1153353497   0.1373150623   0.0128089349
       -0.1494540757  -0.0003096539  -0.0002114389   0.0001940781   0.0005894879
        0.0009606452  -0.0001582988   0.0000016381  -0.0004835388   0.0006323176
        0.0000470168   0.0000744310   0.0002779638  -0.0000798415   0.0000237856
        0.0000057346   0.0001057372   0.0000987083   0.0002184191   0.0026540993
        0.0009031960  -0.0011433809  -0.0016677302  -0.0002620727   0.0001289992
       -0.0000758933   0.0002834443  -0.0007027941   0.0002117588   0.0000337155
        0.0001512508  -0.0000717775  -0.0000533515  -0.0000405207   0.0002443871
        0.0000834372   0.0001411969
       -0.0000679503   0.0002821860   0.0003668235   0.0000072224   0.0000268024
       -0.0000760122   0.0000527586   0.0004515304   0.0000287155  -0.0001203015
        0.0002542287   0.0003845691   0.0004976228  -0.0002584957  -0.0009056666
       -0.0003513993  -0.0002845000   0.0007929292   0.0000838154   0.0005108867
       -0.0000338790  -0.0000070098  -0.0007138728  -0.0001683992  -0.0000827128
        0.0007208575  -0.0001132453  -0.0064342974   0.0035151202   0.0077066284
       -0.0079960810  -0.0190719808   0.0003774404   0.0128089349   0.0183954342
       -0.0127520640   0.0002230954  -0.0000712007  -0.0000367741   0.0004707150
       -0.0011188920  -0.0001437900  -0.0004174221   0.0004180016   0.0004125349
       -0.0000691426   0.0002214720   0.0000659330   0.0002232711  -0.0005398042
       -0.0002416521  -0.0001270166   0.0002128458   0.0002244559   0.0016163352
       -0.0036969011   0.0052347072  -0.0005160646   0.0004787885  -0.0007736783
        0.0001700726  -0.0003293253   0.0000868343  -0.0000104756   0.0003775557
       -0.0001012604   0.0001203153  -0.0001108841  -0.0004283545  -0.0000742850
        0.0003301471   0.0000932042
       -0.0000357595  -0.0001538093   0.0001218265   0.0000582790   0.0000608127
       -0.0001936285   0.0000451371  -0.0001247094   0.0001077839   0.0000708140
        0.0000230058   0.0001275372  -0.0002017155   0.0000145428  -0.0002850834
        0.0001338865  -0.0000662924  -0.0000228978   0.0000020770  -0.0000289885
        0.0001491729  -0.0004448013   0.0000991933  -0.0002521822   0.0007403813
       -0.0002230404   0.0003420785   0.0022159089   0.0008764370   0.0076768506
        0.1482174799   0.0094399150  -0.3084377112  -0.1494540757  -0.0127520640
        0.3028777835  -0.0001397224   0.0000095206   0.0000511314  -0.0008709598
       -0.0002666164  -0.0002882075   0.0001108938   0.0000495885   0.0000578451
        0.0000174744   0.0000516790   0.0001134574  -0.0001715707  -0.0001298310
       -0.0000366787   0.0001011555   0.0001355515   0.0000988764  -0.0005112499
        0.0042956228  -0.0024482597   0.0000170548  -0.0016001271   0.0004819853
        0.0000183782   0.0003805708  -0.0004570709   0.0000288168   0.0000108461
        0.0001797530  -0.0000490960  -0.0001396544  -0.0000611300   0.0001012134
        0.0000378469   0.0000967682
       -0.0000465372  -0.0000173377  -0.0003557966  -0.0000319896  -0.0000030083
        0.0001049262  -0.0000263249  -0.0000090170   0.0000634692   0.0003817171
        0.0000864617  -0.0000215554  -0.0000330569  -0.0008729834   0.0021597387
        0.0001117108  -0.0000546723  -0.0001018990   0.0000052837   0.0000303308
       -0.0000179603   0.0000962218  -0.0000226904   0.0000912140  -0.0001503419
        0.0000187503  -0.0000033046  -0.0011530523   0.0009506720   0.0001204867
        0.0002962859  -0.0008698682   0.0000167720  -0.0003096539   0.0002230954
       -0.0001397224   0.3879783479  -0.1569435853   0.0211520870  -0.3812563889
        0.1499428288  -0.0126854223  -0.0057047431   0.0066559063  -0.0083003915
        0.0009771930   0.0004258884   0.0002273002  -0.0015301658   0.0012457382
       -0.0015606013   0.0007521971  -0.0006348576  -0.0004224752  -0.0001292025
        0.0002620583   0.0001034842   0.0001479557  -0.0001990526   0.0000886474
       -0.0000183765   0.0000455966  -0.0000502139   0.0000294083   0.0000179771
       -0.0002704149  -0.0005514523  -0.0002460783  -0.0002481354   0.0001649645
       -0.0000321527   0.0000497673
        0.0001326448  -0.0000263911   0.0004055928  -0.0000580200  -0.0000268288
       -0.0001813081  -0.0000294212  -0.0001614208  -0.0000014120  -0.0000348829
       -0.0002964681   0.0007637852  -0.0005972334  -0.0007733023  -0.0013962429
        0.0004137245   0.0003221768   0.0005758417   0.0000039045   0.0000328578
       -0.0000432626   0.0000186664  -0.0001424016   0.0000769170  -0.0000667402
        0.0000371570  -0.0000666709   0.0031794917   0.0025035002   0.0010795370
       -0.0019667426  -0.0008536837  -0.0004682969  -0.0002114389  -0.0000712007
        0.0000095206  -0.1569435853   0.0770525304  -0.0198736971   0.1394803088
       -0.0717883444   0.0144338294   0.0165931741  -0.0039680903   0.0051969089
        0.0001083842   0.0011435992  -0.0003737554   0.0009881905  -0.0033386688
       -0.0010253804  -0.0006593297   0.0004562422   0.0009520174  -0.0002675265
        0.0002018682  -0.0002444947   0.0000727023  -0.0002448060   0.0001497492
       -0.0000201395   0.0001886020  -0.0000907842   0.0000403655   0.0002405772
       -0.0000573432  -0.0002484567  -0.0005766840  -0.0001180862   0.0000719598
        0.0000891797   0.0002970355
       -0.0001738115   0.0000897328  -0.0004608790   0.0001723601  -0.0001031125
        0.0004690130  -0.0000247690   0.0000522419  -0.0002544829  -0.0000654218
        0.0007018480  -0.0003821853   0.0002473421  -0.0000237081  -0.0004249475
       -0.0000463588   0.0000065985  -0.0001948233  -0.0001562176  -0.0000052551
       -0.0001156208   0.0002457858   0.0000342123   0.0000677475  -0.0002033870
       -0.0000470559   0.0000605974  -0.0002704967   0.0000266424   0.0008721400
       -0.0002252308  -0.0001223567  -0.0005956442   0.0001940781  -0.0000367741
        0.0000511314   0.0211520870  -0.0198736971   0.0424284755   0.0166220609
        0.0029953933  -0.0370714815  -0.0361195206   0.0169565661  -0.0033525286
        0.0006320027  -0.0008950997  -0.0021437150  -0.0020655976  -0.0000486192
        0.0002258538   0.0002147113  -0.0000201723   0.0004918667  -0.0000661881
       -0.0000065560   0.0001250177   0.0001578955  -0.0000149801  -0.0001738895
       -0.0000899847   0.0000002302   0.0000918644  -0.0002305197  -0.0001971829
       -0.0003911651   0.0001313661   0.0007209278   0.0008592239  -0.0000321858
       -0.0001898238  -0.0001815689
       -0.0004967169  -0.0000858282   0.0000804481   0.0006793893   0.0001395710
       -0.0002744536   0.0001268711  -0.0000044465   0.0000127292  -0.0003148403
        0.0010365061  -0.0010283185   0.0048438437   0.0015479978  -0.0027149392
       -0.0008021664  -0.0008919645   0.0000696764  -0.0000386202  -0.0000674173
        0.0002998470   0.0000870653  -0.0000666060  -0.0010642608  -0.0000891842
        0.0002311881   0.0009297701   0.0042677404   0.0046109088   0.0020775539
       -0.0136378218  -0.0065278742  -0.0045185631   0.0005894879   0.0004707150
       -0.0008709598  -0.3812563889   0.1394803088   0.0166220609   0.4383023100
       -0.1570312750   0.0058380013  -0.0477254530   0.0173202832  -0.0198665927
       -0.0002308755  -0.0010458381  -0.0012475958  -0.0050885302   0.0010780134
        0.0045990002  -0.0001038798  -0.0000214985   0.0002722929   0.0016157183
       -0.0016657022   0.0006501489  -0.0012405781   0.0013597551  -0.0006818226
        0.0002263637  -0.0003161576  -0.0000805014  -0.0002522484  -0.0001606546
        0.0000058353   0.0005977957   0.0007296246   0.0010646722  -0.0000592817
       -0.0001196092  -0.0001740288
       -0.0003230510  -0.0009914711  -0.0016564653   0.0003528651   0.0014630124
        0.0009617845   0.0000023417  -0.0000993704  -0.0000568406   0.0012553463
       -0.0002295763  -0.0009958811   0.0015818951   0.0011298189   0.0136300226
       -0.0014619455  -0.0002697509  -0.0002972585  -0.0001087095  -0.0002708177
        0.0000899314   0.0001090634   0.0009729264  -0.0003152810   0.0001160141
       -0.0005207751   0.0005577387   0.0041432356  -0.0043744616  -0.0000097785
       -0.0075845354   0.0017710124  -0.0021248106   0.0009606452  -0.0011188920
       -0.0002666164   0.1499428288  -0.0717883444   0.0029953933  -0.1570312750
        0.1318271638  -0.1109676404   0.0062130100  -0.0579420316   0.0984433342
       -0.0003599704  -0.0010143229   0.0008237028  -0.0000101065   0.0025525381
       -0.0002417289   0.0008597056  -0.0000927282  -0.0006602345   0.0010505403
       -0.0027948344   0.0003483973  -0.0000093422   0.0015648873  -0.0001407417
        0.0000318662  -0.0002422566   0.0002334974   0.0000092663  -0.0002445872
        0.0006381684   0.0001590711   0.0004361512  -0.0008935816   0.0001012409
        0.0002767099  -0.0000951115
        0.0004266429   0.0005295234   0.0031462513  -0.0005047645  -0.0004090331
       -0.0021332860   0.0000755111   0.0000670133   0.0004363957  -0.0013609008
       -0.0003712306  -0.0008183989  -0.0032343315   0.0116220200  -0.0258871605
        0.0014208552  -0.0004808453  -0.0013295699   0.0003934349   0.0003253816
        0.0003971615  -0.0008558234  -0.0005738639  -0.0002654232   0.0006044361
        0.0004942021  -0.0001685212   0.0015030499   0.0006092228  -0.0051524295
       -0.0031909000  -0.0012784277   0.0022908619  -0.0001582988  -0.0001437900
       -0.0002882075  -0.0126854223   0.0144338294  -0.0370714815   0.0058380013
       -0.1109676404   0.3465066525   0.0092663150   0.0860977027  -0.2803136615
       -0.0008702453   0.0006473123   0.0004345574   0.0035875070  -0.0005713877
        0.0002713999  -0.0006325070  -0.0000511160  -0.0003315774   0.0003666050
       -0.0001706266  -0.0007712120  -0.0006002585   0.0000912570   0.0008636237
        0.0003663545   0.0000231374  -0.0001359592   0.0000486729   0.0007059382
        0.0004971335   0.0005488854  -0.0009500473  -0.0005106671  -0.0003528192
        0.0003214685   0.0003335181
        0.0002677483  -0.0001333216  -0.0006922745  -0.0005101885   0.0000179944
        0.0003415780  -0.0002956598  -0.0000019010   0.0000458820   0.0007265506
       -0.0026362261   0.0031403865  -0.0055506040   0.0002934470  -0.0000433213
       -0.0003383758   0.0026044249  -0.0023779425  -0.0001144106  -0.0002007351
       -0.0001652190   0.0002124668   0.0003523511   0.0006898024  -0.0002513138
       -0.0006313989  -0.0001206455   0.0004144091  -0.0030751765   0.0024597644
       -0.0001864757   0.0012462920  -0.0002735165   0.0000016381  -0.0004174221
        0.0001108938  -0.0057047431   0.0165931741  -0.0361195206  -0.0477254530
        0.0062130100   0.0092663150   0.0584773251  -0.0197334993   0.0235246633
       -0.0003891217   0.0012552493   0.0010201748   0.0016051220  -0.0013638692
       -0.0005641453  -0.0005461120   0.0004377028  -0.0001600371  -0.0006491265
       -0.0003675235   0.0003858454   0.0008540753  -0.0001369677  -0.0000307120
       -0.0001530775  -0.0000929879   0.0003762639   0.0002627238   0.0000481043
        0.0000233598  -0.0004372091  -0.0004213317  -0.0008227995   0.0000298118
        0.0001506108  -0.0000147955
        0.0002898609   0.0008833771   0.0021189456  -0.0003148956  -0.0013818680
       -0.0011379072  -0.0000224172  -0.0002753901   0.0000303276  -0.0025870812
       -0.0004444619   0.0035017570  -0.0004844473  -0.0067860567  -0.0009965652
        0.0035419809  -0.0009367605   0.0024557536   0.0001089123   0.0001164292
       -0.0000345296  -0.0000662862  -0.0009251593   0.0002478884  -0.0002408128
        0.0002005801  -0.0002593135  -0.0049659405  -0.0017287096   0.0016265336
        0.0023640168  -0.0002477338   0.0007106059  -0.0004835388   0.0004180016
        0.0000495885   0.0066559063  -0.0039680903   0.0169565661   0.0173202832
       -0.0579420316   0.0860977027  -0.0197334993   0.0729111383  -0.1114606618
        0.0007819926   0.0005476596  -0.0009604593  -0.0008320116  -0.0008604369
        0.0004374279  -0.0004032173   0.0001441817   0.0003756931  -0.0006673479
        0.0013382098  -0.0004914213  -0.0000534950  -0.0008127714   0.0003503334
        0.0000381147   0.0002791557  -0.0002962645  -0.0000136014   0.0001193836
       -0.0004374385  -0.0001827227  -0.0004268421   0.0007941160  -0.0000497529
       -0.0002218047   0.0003213216
       -0.0006356908  -0.0012133869  -0.0048362105   0.0007766839   0.0008256301
        0.0028367812  -0.0000530261  -0.0003847872  -0.0007043111   0.0038235682
        0.0017400164  -0.0003749302   0.0001723379   0.0032914109  -0.0123333536
       -0.0046895806   0.0018056338   0.0021052568  -0.0006131752  -0.0007920024
       -0.0003613659   0.0011509569   0.0009617150  -0.0000068604  -0.0005694878
       -0.0007372002   0.0008092409   0.0053315796   0.0035163686   0.0020873510
       -0.0031307183  -0.0007156002  -0.0020379969   0.0006323176   0.0004125349
        0.0000578451  -0.0083003915   0.0051969089  -0.0033525286  -0.0198665927
        0.0984433342  -0.2803136615   0.0235246633  -0.1114606618   0.2982561366
        0.0006853551  -0.0007925675   0.0012046227   0.0007093722   0.0003140881
       -0.0027399665   0.0007689804   0.0004251501   0.0001404468   0.0007543380
       -0.0007716420   0.0010934409   0.0000602788   0.0007168878  -0.0012856665
       -0.0003614564  -0.0002039723   0.0001990206  -0.0000103608  -0.0012142949
       -0.0000000106  -0.0006558073   0.0011348605  -0.0000896178   0.0004958554
       -0.0004984239  -0.0003536624
       -0.0002126998   0.0004308650  -0.0004592501   0.0001481919  -0.0004957749
        0.0005573880  -0.0000229023   0.0002309354  -0.0002937469   0.0003289882
        0.0006079305  -0.0001351709   0.0001945127  -0.0008821013  -0.0000683256
       -0.0001057021   0.0000969584  -0.0000143490  -0.0002145913  -0.0000460577
       -0.0001435215   0.0003183679  -0.0000763040   0.0001526419  -0.0002416919
       -0.0001374329   0.0001113630  -0.0002378147  -0.0000484565   0.0003908884
        0.0004849129  -0.0000705815  -0.0001577772   0.0000470168  -0.0000691426
        0.0000174744   0.0009771930   0.0001083842   0.0006320027  -0.0002308755
       -0.0003599704  -0.0008702453  -0.0003891217   0.0007819926   0.0006853551
        0.1298531827   0.1164726952   0.1329330586  -0.1151383876  -0.0995085886
       -0.1212897277  -0.0123574314  -0.0176549444  -0.0138874072  -0.0002106341
       -0.0000014115   0.0001127385   0.0002307622  -0.0002129995  -0.0000327872
       -0.0001164646  -0.0000870029   0.0001061314  -0.0014936075  -0.0005009826
       -0.0011712281  -0.0031269634   0.0014550196   0.0021131846   0.0015157592
       -0.0000330295   0.0007113099
        0.0004785205   0.0002544185   0.0009439234  -0.0001662845  -0.0006774673
       -0.0005015598   0.0000285884   0.0001501550   0.0001432523   0.0009314898
       -0.0017406894   0.0004137422  -0.0018784913  -0.0001062476  -0.0006887500
        0.0004840476   0.0004074782   0.0000914650   0.0000270201   0.0000472805
        0.0000442902  -0.0000121464  -0.0004063991  -0.0000857594  -0.0000089328
        0.0001158359   0.0001277233   0.0003625798   0.0005791625   0.0001331682
       -0.0001040579  -0.0004458166  -0.0000293744   0.0000744310   0.0002214720
        0.0000516790   0.0004258884   0.0011435992  -0.0008950997  -0.0010458381
       -0.0010143229   0.0006473123   0.0012552493   0.0005476596  -0.0007925675
        0.1164726952   0.1278401464   0.1164784054  -0.0952441350  -0.1063502883
       -0.1008556595  -0.0231558824  -0.0198683255  -0.0197946315  -0.0000693380
        0.0000718573  -0.0000637299  -0.0000681125  -0.0001590398   0.0000362611
       -0.0000298037   0.0000558485  -0.0000769421  -0.0005062284   0.0012566918
        0.0005324799   0.0012495376  -0.0028092921   0.0025770630   0.0004992034
        0.0008862833   0.0015633083
       -0.0002285857   0.0005686545   0.0010256951   0.0005857641  -0.0010581473
       -0.0000009530  -0.0000020252   0.0003224662  -0.0005735648   0.0000757924
       -0.0002196409   0.0008558884  -0.0003246773   0.0001043321  -0.0028048592
       -0.0000059910   0.0000663275   0.0005115345  -0.0002671813  -0.0000208055
        0.0000431946   0.0002262782  -0.0002119874  -0.0002041864  -0.0000320482
        0.0000195112   0.0002790190   0.0008703564   0.0002848295   0.0001289980
       -0.0008671459   0.0001367414  -0.0002844984   0.0002779638   0.0000659330
        0.0001134574   0.0002273002  -0.0003737554  -0.0021437150  -0.0012475958
        0.0008237028   0.0004345574   0.0010201748  -0.0009604593   0.0012046227
        0.1329330586   0.1164784054   0.2126429500  -0.1436011128  -0.1286058292
       -0.2284514426   0.0090330821   0.0094089367   0.0153534910   0.0002161104
       -0.0001059226   0.0000058453  -0.0001167005   0.0001220910  -0.0002011612
       -0.0000718006   0.0000117274  -0.0000191679  -0.0013379463  -0.0003750267
        0.0014701154   0.0021744959   0.0030880118   0.0021161039   0.0004624339
        0.0004299040  -0.0015019244
        0.0004510764  -0.0000295903   0.0014472807  -0.0000368496   0.0001514915
       -0.0010935099   0.0002065590  -0.0001037539   0.0004435823   0.0006986305
       -0.0015362759   0.0012594675  -0.0023317985   0.0011912475  -0.0021065106
        0.0004460455  -0.0001210428   0.0002352533   0.0003174840   0.0001958634
        0.0001643760  -0.0003195645  -0.0000580448  -0.0004393860   0.0002639549
        0.0003261254  -0.0000566079   0.0012469797   0.0007337856  -0.0002178947
       -0.0012269465  -0.0003098062  -0.0001431321  -0.0000798415   0.0002232711
       -0.0001715707  -0.0015301658   0.0009881905  -0.0020655976  -0.0050885302
       -0.0000101065   0.0035875070   0.0016051220  -0.0008320116   0.0007093722
       -0.1151383876  -0.0952441350  -0.1436011128   0.2191560499   0.2279439954
        0.0472730361  -0.0989563796  -0.1316449117   0.0987141611   0.0003373642
        0.0000204406  -0.0001692267  -0.0004966870   0.0002920522  -0.0000759990
        0.0001662866   0.0001835963  -0.0003209155   0.0005980114   0.0002543907
        0.0004617656   0.0006485527  -0.0027228910  -0.0038007470  -0.0009369661
        0.0001081197  -0.0000335914
       -0.0002307769  -0.0005263674  -0.0010268833   0.0001348132   0.0015124281
        0.0006285842  -0.0000376354  -0.0001985825  -0.0000553367  -0.0011437119
        0.0009459080  -0.0010761376   0.0013466366   0.0002042159   0.0011670582
       -0.0002006598   0.0000641498   0.0001494018  -0.0000533926  -0.0000478659
       -0.0001229365   0.0001228161   0.0007154067   0.0001178009  -0.0000545080
       -0.0002298387  -0.0002093199  -0.0005454158  -0.0009247949  -0.0002334537
        0.0002100752   0.0006285024  -0.0000347490   0.0000237856  -0.0005398042
       -0.0001298310   0.0012457382  -0.0033386688  -0.0000486192   0.0010780134
        0.0025525381  -0.0005713877  -0.0013638692  -0.0008604369   0.0003140881
       -0.0995085886  -0.1063502883  -0.1286058292   0.2279439954   0.3141393112
       -0.0197600977  -0.1261741264  -0.2059391734   0.1557925150  -0.0002225071
       -0.0004825059  -0.0000193309   0.0003369610   0.0000407614   0.0001283933
       -0.0000722085   0.0000562723   0.0001266877   0.0001965610  -0.0005921514
       -0.0004674935  -0.0033581300  -0.0005972605  -0.0056078869   0.0003261344
       -0.0002317554  -0.0004552366
        0.0005125480  -0.0002938877  -0.0005539672  -0.0005828702   0.0007613188
        0.0002590033   0.0001219145  -0.0000058469   0.0003074481   0.0007054004
       -0.0008035536  -0.0007535179  -0.0007739494   0.0002433143   0.0025283936
        0.0001430995  -0.0000168799  -0.0001614608   0.0002088516   0.0001601027
       -0.0001561384  -0.0002370500   0.0002004990   0.0002506752   0.0001375736
        0.0000297992  -0.0003660497  -0.0008496236  -0.0005613181  -0.0004824820
        0.0003185974   0.0000603936   0.0003117391   0.0000057346  -0.0002416521
       -0.0000366787  -0.0015606013  -0.0010253804   0.0002258538   0.0045990002
       -0.0002417289   0.0002713999  -0.0005641453   0.0004374279  -0.0027399665
       -0.1212897277  -0.1008556595  -0.2284514426   0.0472730361  -0.0197600977
        0.3907421296   0.0752419430   0.1265075030  -0.1544833360  -0.0001017000
       -0.0000033462  -0.0002223727   0.0001130937  -0.0001305742   0.0002959107
        0.0000098149   0.0000090995   0.0000707713   0.0005318541   0.0003376683
       -0.0006736388  -0.0039415948  -0.0047220181  -0.0069494672  -0.0000211995
       -0.0000851829   0.0007671938
       -0.0004605448  -0.0000701083  -0.0005291991   0.0001507132   0.0000310618
        0.0004275039  -0.0001767230  -0.0000194691  -0.0003043729  -0.0011066141
        0.0012535119  -0.0004864732   0.0009890864  -0.0000208000   0.0000423850
       -0.0002966443  -0.0001702670  -0.0000501545  -0.0001914439  -0.0001487378
        0.0000072824   0.0001417816   0.0000389328   0.0001493459  -0.0001011862
       -0.0001797954   0.0001230221  -0.0000352374  -0.0001827712   0.0001521142
        0.0002742466   0.0001370908  -0.0000080287   0.0001057372  -0.0001270166
        0.0001011555   0.0007521971  -0.0006593297   0.0002147113  -0.0001038798
        0.0008597056  -0.0006325070  -0.0005461120  -0.0004032173   0.0007689804
       -0.0123574314  -0.0231558824   0.0090330821  -0.0989563796  -0.1261741264
        0.0752419430   0.1121431626   0.1489156575  -0.0843703886  -0.0000271160
       -0.0001225739   0.0001790411   0.0001547348  -0.0000691277   0.0000280045
       -0.0000637047  -0.0001600552   0.0001850353  -0.0001552616  -0.0003784313
       -0.0002409713  -0.0002781601   0.0009704323   0.0005699604   0.0001447793
       -0.0001646833  -0.0006014719
       -0.0000287495  -0.0001256240   0.0002571762   0.0001040738  -0.0000829464
       -0.0001507640  -0.0000839897  -0.0003689272  -0.0001044060   0.0002880461
        0.0000301493   0.0002740620  -0.0006894108  -0.0003591796  -0.0008960745
        0.0005771769   0.0002678311   0.0000571739  -0.0000495526  -0.0002602487
        0.0000595056   0.0000663766  -0.0001058119  -0.0000148683  -0.0000282324
       -0.0001069216   0.0001175497   0.0002413623   0.0002922658   0.0001087756
       -0.0001070247   0.0001025619   0.0000127425   0.0000987083   0.0002128458
        0.0001355515  -0.0006348576   0.0004562422  -0.0000201723  -0.0000214985
       -0.0000927282  -0.0000511160   0.0004377028   0.0001441817   0.0004251501
       -0.0176549444  -0.0198683255   0.0094089367  -0.1316449117  -0.2059391734
        0.1265075030   0.1489156575   0.2256423444  -0.1362903997  -0.0001017711
       -0.0000534836  -0.0000516470   0.0000520853   0.0000289083  -0.0000590795
       -0.0000626265   0.0000948484  -0.0000879558   0.0002516352  -0.0002005466
        0.0001756147   0.0002534477   0.0001721658   0.0006050401  -0.0001787029
        0.0001195720  -0.0004182985
       -0.0000878668   0.0000856124   0.0001030735   0.0001218576  -0.0002985236
        0.0002143836  -0.0000268218  -0.0001125774  -0.0003350023  -0.0000069309
        0.0002825739   0.0004621315   0.0001212161  -0.0002438627  -0.0006276756
        0.0000057029   0.0000188861   0.0001534329  -0.0001190387  -0.0001130858
       -0.0000648733   0.0000958746  -0.0001191189   0.0000609777  -0.0000226831
       -0.0000122744   0.0000464522  -0.0000161395   0.0001746233   0.0001509194
       -0.0002148405  -0.0001233259  -0.0000399187   0.0002184191   0.0002244559
        0.0000988764  -0.0004224752   0.0009520174   0.0004918667   0.0002722929
       -0.0006602345  -0.0003315774  -0.0001600371   0.0003756931   0.0001404468
       -0.0138874072  -0.0197946315   0.0153534910   0.0987141611   0.1557925150
       -0.1544833360  -0.0843703886  -0.1362903997   0.1389639322   0.0000142150
        0.0001369396  -0.0000329287   0.0000570630   0.0000008380  -0.0001431446
       -0.0000768997  -0.0000002309   0.0000408191  -0.0001349935  -0.0002537971
       -0.0000505863   0.0002349561   0.0002847857   0.0001982336  -0.0003092358
       -0.0003068779  -0.0003699936
        0.0000725494  -0.0000398052   0.0006452814  -0.0001268294   0.0000790891
       -0.0005441129   0.0000547639  -0.0000351459   0.0002064058   0.0001116452
       -0.0000426001   0.0002578492   0.0002235517   0.0004734076  -0.0012840321
        0.0001694672  -0.0006131567   0.0004798518  -0.0000103442  -0.0000419446
        0.0005578620  -0.0013276828   0.0004486168  -0.0001411861   0.0012362186
        0.0003723786   0.0012014947  -0.0038794661  -0.0001790197  -0.0009970439
       -0.0021871723  -0.0033972920  -0.0003707251   0.0026540993   0.0016163352
       -0.0005112499  -0.0001292025  -0.0002675265  -0.0000661881   0.0016157183
        0.0010505403   0.0003666050  -0.0006491265  -0.0006673479   0.0007543380
       -0.0002106341  -0.0000693380   0.0002161104   0.0003373642  -0.0002225071
       -0.0001017000  -0.0000271160  -0.0001017711   0.0000142150   0.1676346563
       -0.1624425147   0.0522230951  -0.1460903389   0.1437155374  -0.0438390723
       -0.0194145201   0.0205915481  -0.0091598425  -0.0000510335   0.0000122121
        0.0003020396   0.0000397092  -0.0002269434  -0.0002717414  -0.0000462769
       -0.0000127521   0.0000617462
       -0.0001687423   0.0004525184   0.0002370224   0.0001255597  -0.0006160831
       -0.0000266490   0.0000797557   0.0003045213  -0.0000564982  -0.0002296896
        0.0003272625   0.0001043521   0.0012206012  -0.0009164162   0.0000598927
       -0.0012142227  -0.0003232113   0.0007414638   0.0000038041   0.0008579128
       -0.0001563805   0.0002176679  -0.0020404829  -0.0000730795   0.0001983516
        0.0010572999  -0.0018708496   0.0038932570   0.0043051117  -0.0000665907
       -0.0049230912  -0.0034722452   0.0011270764   0.0009031960  -0.0036969011
        0.0042956228   0.0002620583   0.0002018682  -0.0000065560  -0.0016657022
       -0.0027948344  -0.0001706266  -0.0003675235   0.0013382098  -0.0007716420
       -0.0000014115   0.0000718573  -0.0001059226   0.0000204406  -0.0004825059
       -0.0000033462  -0.0001225739  -0.0000534836   0.0001369396  -0.1624425147
        0.2350730209  -0.0373327988   0.1688330990  -0.2401373140   0.0335259246
       -0.0044329492   0.0105600249   0.0005795526  -0.0000819489   0.0002168548
       -0.0002529510   0.0000375494  -0.0002090061   0.0000141306  -0.0001449709
       -0.0000239788   0.0000719130
        0.0002902944   0.0001750923   0.0001220208  -0.0003834598   0.0000776266
        0.0000197699  -0.0002069346   0.0001927054   0.0001531716   0.0000614417
       -0.0001079632   0.0003243575  -0.0008253199   0.0001097748  -0.0007386671
        0.0007262295   0.0004887678   0.0002078705  -0.0000985302  -0.0000504037
       -0.0001685245  -0.0001124589   0.0014622421   0.0013358427   0.0011708672
       -0.0019352104  -0.0007290792  -0.0019092585  -0.0002212072   0.0009470893
        0.0015869575  -0.0012439536  -0.0057313198  -0.0011433809   0.0052347072
       -0.0024482597   0.0001034842  -0.0002444947   0.0001250177   0.0006501489
        0.0003483973  -0.0007712120   0.0003858454  -0.0004914213   0.0010934409
        0.0001127385  -0.0000637299   0.0000058453  -0.0001692267  -0.0000193309
       -0.0002223727   0.0001790411  -0.0000516470  -0.0000329287   0.0522230951
       -0.0373327988   0.0494680747  -0.0301102176   0.0101718404  -0.0369200616
       -0.0224762657   0.0232979116  -0.0056071178   0.0001230304  -0.0000403050
       -0.0000802250  -0.0002782188   0.0001645184  -0.0001794087   0.0001000978
        0.0000788817  -0.0001733241
        0.0001704941  -0.0000636465  -0.0007837793  -0.0000131926  -0.0000453187
        0.0005789507  -0.0000553716   0.0000736310  -0.0000798950   0.0001571566
       -0.0000022736  -0.0001068047  -0.0009549855   0.0001844914   0.0010131480
        0.0010915913   0.0005209159  -0.0009649596   0.0000213051  -0.0003400099
       -0.0006169138   0.0010063053   0.0013577458   0.0011365353  -0.0003878950
       -0.0011539646  -0.0004108944   0.0011471657   0.0004713943   0.0004457055
       -0.0047289700   0.0120423212  -0.0023907609  -0.0016677302  -0.0005160646
        0.0000170548   0.0001479557   0.0000727023   0.0001578955  -0.0012405781
       -0.0000093422  -0.0006002585   0.0008540753  -0.0000534950   0.0000602788
        0.0002307622  -0.0000681125  -0.0001167005  -0.0004966870   0.0003369610
        0.0001130937   0.0001547348   0.0000520853   0.0000570630  -0.1460903389
        0.1688330990  -0.0301102176   0.3189897857  -0.1020209096   0.2258822092
       -0.1685476919  -0.0798288659  -0.1932859457   0.0001093607  -0.0001568428
       -0.0002175888  -0.0000358815   0.0003843588   0.0003096940   0.0001386297
       -0.0000708601  -0.0000869097
       -0.0000120313  -0.0002953837  -0.0000835384   0.0000634937   0.0003941634
       -0.0000671263   0.0000530749   0.0000799111   0.0000363133   0.0001423996
       -0.0000428113   0.0000681337   0.0001624146   0.0008899300  -0.0004697779
        0.0004772659  -0.0006990150  -0.0001722720   0.0000038764  -0.0004216587
        0.0001336886   0.0006752682   0.0010047668  -0.0012820234  -0.0008113618
       -0.0001449280   0.0008698612  -0.0019690089  -0.0023705491   0.0000217768
        0.0127705078  -0.0119938499   0.0026513131  -0.0002620727   0.0004787885
       -0.0016001271  -0.0001990526  -0.0002448060  -0.0000149801   0.0013597551
        0.0015648873   0.0000912570  -0.0001369677  -0.0008127714   0.0007168878
       -0.0002129995  -0.0001590398   0.0001220910   0.0002920522   0.0000407614
       -0.0001305742  -0.0000691277   0.0000289083   0.0000008380   0.1437155374
       -0.2401373140   0.0101718404  -0.1020209096   0.3322915263   0.0783701430
       -0.0540407057  -0.0795064539  -0.0894054272  -0.0001554998  -0.0001114618
        0.0001941590   0.0003361475   0.0001768158  -0.0002252642  -0.0001620557
       -0.0000104164   0.0000028079
       -0.0006357687   0.0000395321   0.0000914751   0.0006034701  -0.0003059534
       -0.0005303554   0.0001145739  -0.0000750528   0.0001040501  -0.0001147771
        0.0001317348  -0.0002461212   0.0009612483  -0.0002335564   0.0012544575
       -0.0014193676  -0.0004634166  -0.0006889743  -0.0001861044   0.0003012606
        0.0004814358   0.0008824038  -0.0029287452  -0.0022005909  -0.0006169787
        0.0015047524  -0.0001236512   0.0008527285   0.0005954995  -0.0007741531
       -0.0027903204   0.0027683616   0.0035360394   0.0001289992  -0.0007736783
        0.0004819853   0.0000886474   0.0001497492  -0.0001738895  -0.0006818226
       -0.0001407417   0.0008636237  -0.0000307120   0.0003503334  -0.0012856665
       -0.0000327872   0.0000362611  -0.0002011612  -0.0000759990   0.0001283933
        0.0002959107   0.0000280045  -0.0000590795  -0.0001431446  -0.0438390723
        0.0335259246  -0.0369200616   0.2258822092   0.0783701430   0.2725058300
       -0.1790516734  -0.1127771661  -0.2365963783  -0.0000767636   0.0000850891
       -0.0000377268   0.0000993973  -0.0001443729   0.0003525636  -0.0000895353
       -0.0000852718  -0.0000454965
       -0.0003364440   0.0000172971   0.0001114400   0.0002315201  -0.0000432062
       -0.0002723418   0.0000672708   0.0000398923   0.0000184329  -0.0000199687
        0.0000799352  -0.0000748730   0.0006216994   0.0000322549   0.0002709420
       -0.0005717369  -0.0003939821  -0.0001761893   0.0001204102   0.0003382658
        0.0002384444   0.0000587617  -0.0016479176  -0.0011254839  -0.0008054359
        0.0012516829   0.0000549587  -0.0000120584   0.0001462809  -0.0002255669
        0.0002608946  -0.0006862850   0.0005568276  -0.0000758933   0.0001700726
        0.0000183782  -0.0000183765  -0.0000201395  -0.0000899847   0.0002263637
        0.0000318662   0.0003663545  -0.0001530775   0.0000381147  -0.0003614564
       -0.0001164646  -0.0000298037  -0.0000718006   0.0001662866  -0.0000722085
        0.0000098149  -0.0000637047  -0.0000626265  -0.0000768997  -0.0194145201
       -0.0044329492  -0.0224762657  -0.1685476919  -0.0540407057  -0.1790516734
        0.1885580632   0.0593335193   0.2023976146  -0.0001569367   0.0000686698
        0.0000163876   0.0001389942  -0.0001049793  -0.0000338475  -0.0001579552
       -0.0000130483  -0.0000232125
       -0.0000796097   0.0002529400  -0.0000374801  -0.0000829956  -0.0007705463
        0.0000681375   0.0000015003   0.0002023862  -0.0000266867  -0.0002285713
        0.0002475313  -0.0000779022   0.0006851016  -0.0001573923   0.0001198858
       -0.0005770127  -0.0000791589  -0.0001492135  -0.0001635425   0.0003866023
        0.0001007354  -0.0007137026  -0.0011588608   0.0004737341   0.0009586262
       -0.0000431051  -0.0001499262   0.0003508380  -0.0000487381  -0.0000078137
       -0.0002054824  -0.0002734202   0.0001211780   0.0002834443  -0.0003293253
        0.0003805708   0.0000455966   0.0001886020   0.0000002302  -0.0003161576
       -0.0002422566   0.0000231374  -0.0000929879   0.0002791557  -0.0002039723
       -0.0000870029   0.0000558485   0.0000117274   0.0001835963   0.0000562723
        0.0000090995  -0.0001600552   0.0000948484  -0.0000002309   0.0205915481
        0.0105600249   0.0232979116  -0.0798288659  -0.0795064539  -0.1127771661
        0.0593335193   0.0703268663   0.0887129969  -0.0000287769   0.0000132716
        0.0000111455   0.0002647306   0.0000298148   0.0000562758  -0.0001337381
       -0.0000849068   0.0000436259
        0.0000824201   0.0000666920   0.0001364855  -0.0000942983   0.0000548142
       -0.0002017118  -0.0000626762   0.0000837337   0.0002118265   0.0000762370
       -0.0000534250   0.0001726938  -0.0003150885   0.0001585551   0.0000285105
        0.0002168969   0.0000786653  -0.0002008390   0.0002061794   0.0000297072
       -0.0000619743  -0.0006830886   0.0008163867   0.0000592286  -0.0001171767
       -0.0002693983   0.0002570351  -0.0001116484  -0.0001763566   0.0001214813
        0.0012506762  -0.0006615947  -0.0001957840  -0.0007027941   0.0000868343
       -0.0004570709  -0.0000502139  -0.0000907842   0.0000918644  -0.0000805014
        0.0002334974  -0.0001359592   0.0003762639  -0.0002962645   0.0001990206
        0.0001061314  -0.0000769421  -0.0000191679  -0.0003209155   0.0001266877
        0.0000707713   0.0001850353  -0.0000879558   0.0000408191  -0.0091598425
        0.0005795526  -0.0056071178  -0.1932859457  -0.0894054272  -0.2365963783
        0.2023976146   0.0887129969   0.2421160462   0.0000953379  -0.0000498857
       -0.0000352333  -0.0001509307   0.0001478153   0.0000990184   0.0001423278
       -0.0000079044  -0.0000935648
        0.0008123666   0.0004390227   0.0002136738  -0.0005140144  -0.0012145369
        0.0005121305  -0.0000675093  -0.0002484587   0.0003131780  -0.0000491078
       -0.0005346259  -0.0001479609  -0.0008094531   0.0000002865  -0.0002237303
        0.0001043429   0.0004046105   0.0001625735  -0.0002549127   0.0004714364
       -0.0005111839   0.0004940537  -0.0005517918   0.0000524475  -0.0003489494
        0.0000651488   0.0005502489   0.0003398362   0.0000910356   0.0001918189
       -0.0001711746  -0.0001285163  -0.0003051971   0.0002117588  -0.0000104756
        0.0000288168   0.0000294083   0.0000403655  -0.0002305197  -0.0002522484
        0.0000092663   0.0000486729   0.0002627238  -0.0000136014  -0.0000103608
       -0.0014936075  -0.0005062284  -0.0013379463   0.0005980114   0.0001965610
        0.0005318541  -0.0001552616   0.0002516352  -0.0001349935  -0.0000510335
       -0.0000819489   0.0001230304   0.0001093607  -0.0001554998  -0.0000767636
       -0.0001569367  -0.0000287769   0.0000953379   0.4515843446  -0.0204803594
       -0.0102741368  -0.4314270864   0.0249544612   0.0046706192  -0.0187949116
       -0.0029690098   0.0057583906
        0.0008922580  -0.0020078194  -0.0003742567  -0.0012386615   0.0011935307
       -0.0013915639  -0.0000842693  -0.0005820227   0.0014868339  -0.0001171707
       -0.0006214126  -0.0005794033  -0.0004569638   0.0007258180   0.0020880616
        0.0002164422   0.0000455837  -0.0005279319   0.0007747497   0.0004627516
        0.0001564362  -0.0005996046  -0.0008280971  -0.0001046223   0.0002396599
        0.0005356500  -0.0000059966   0.0002052523   0.0004643017  -0.0000225705
       -0.0000606995  -0.0008264342   0.0000829582   0.0000337155   0.0003775557
        0.0000108461   0.0000179771   0.0002405772  -0.0001971829  -0.0001606546
       -0.0002445872   0.0007059382   0.0000481043   0.0001193836  -0.0012142949
       -0.0005009826   0.0012566918  -0.0003750267   0.0002543907  -0.0005921514
        0.0003376683  -0.0003784313  -0.0002005466  -0.0002537971   0.0000122121
        0.0002168548  -0.0000403050  -0.0001568428  -0.0001114618   0.0000850891
        0.0000686698   0.0000132716  -0.0000498857  -0.0204803594   0.0220397315
       -0.0196260708   0.0490535502  -0.0244393748   0.0160884165  -0.0275823417
        0.0027622058   0.0037206602
       -0.0001021475   0.0003665751   0.0018536621   0.0005160882  -0.0020820050
       -0.0005109982   0.0005084169   0.0011599636  -0.0005987698   0.0000537583
       -0.0002593472   0.0002068002  -0.0003778916   0.0008253908  -0.0015730374
        0.0000083346  -0.0000284521   0.0003830911  -0.0004036469   0.0000473915
        0.0006388984  -0.0000513189  -0.0001587316  -0.0005335627   0.0004135472
       -0.0000725467   0.0002252024   0.0003307660  -0.0000887947  -0.0004275293
       -0.0007131621   0.0006136602   0.0002053332   0.0001512508  -0.0001012604
        0.0001797530  -0.0002704149  -0.0000573432  -0.0003911651   0.0000058353
        0.0006381684   0.0004971335   0.0000233598  -0.0004374385  -0.0000000106
       -0.0011712281   0.0005324799   0.0014701154   0.0004617656  -0.0004674935
       -0.0006736388  -0.0002409713   0.0001756147  -0.0000505863   0.0003020396
       -0.0002529510  -0.0000802250  -0.0002175888   0.0001941590  -0.0000377268
        0.0000163876   0.0000111455  -0.0000352333  -0.0102741368  -0.0196260708
        0.0297272873  -0.0247837455   0.0172690649  -0.0295574186   0.0358147027
        0.0017988211  -0.0009173750
        0.0001295006  -0.0011816864  -0.0009051340  -0.0010005473   0.0028772655
       -0.0006039373   0.0000470950  -0.0009247155   0.0004466425  -0.0001421221
       -0.0001489488  -0.0002463286   0.0001141410   0.0007787134   0.0013312273
        0.0002406027  -0.0001653730  -0.0001244636   0.0004671859  -0.0001841695
        0.0001110125  -0.0004889313   0.0005440446   0.0000573036   0.0003346889
        0.0000306577  -0.0004956838  -0.0002839914  -0.0001232464  -0.0004249848
       -0.0003067234   0.0002739663   0.0003273990  -0.0000717775   0.0001203153
       -0.0000490960  -0.0005514523  -0.0002484567   0.0001313661   0.0005977957
        0.0001590711   0.0005488854  -0.0004372091  -0.0001827227  -0.0006558073
       -0.0031269634   0.0012495376   0.0021744959   0.0006485527  -0.0033581300
       -0.0039415948  -0.0002781601   0.0002534477   0.0002349561   0.0000397092
        0.0000375494  -0.0002782188  -0.0000358815   0.0003361475   0.0000993973
        0.0001389942   0.0002647306  -0.0001509307  -0.4314270864   0.0490535502
       -0.0247837455   0.5013421133   0.0160522328  -0.0571477529  -0.0659495336
       -0.0655137806   0.0843449924
       -0.0010561600   0.0007976594  -0.0001108700   0.0017329381  -0.0000097291
        0.0016171381   0.0000662703  -0.0002863537  -0.0014370134  -0.0001708497
        0.0010933916   0.0004870118   0.0010750539  -0.0009349390  -0.0009305245
       -0.0001192186   0.0000762834   0.0001496982  -0.0005751457  -0.0004927151
       -0.0001654278   0.0004809301   0.0010240011   0.0001380178  -0.0002705881
       -0.0004229011  -0.0000998045  -0.0005924831  -0.0005881284   0.0000618045
        0.0003112152   0.0003514665  -0.0000876073  -0.0000533515  -0.0001108841
       -0.0001396544  -0.0002460783  -0.0005766840   0.0007209278   0.0007296246
        0.0004361512  -0.0009500473  -0.0004213317  -0.0004268421   0.0011348605
        0.0014550196  -0.0028092921   0.0030880118  -0.0027228910  -0.0005972605
       -0.0047220181   0.0009704323   0.0001721658   0.0002847857  -0.0002269434
       -0.0002090061   0.0001645184   0.0003843588   0.0001768158  -0.0001443729
       -0.0001049793   0.0000298148   0.0001478153   0.0249544612  -0.0244393748
        0.0172690649   0.0160522328   0.1843275318  -0.1993017898  -0.0416525164
       -0.1565811714   0.1828254751
       -0.0001928813  -0.0004313498  -0.0020310625  -0.0006771638   0.0025310465
        0.0010244542  -0.0006018647  -0.0010022287  -0.0000248599  -0.0003804504
        0.0008081717  -0.0002906650   0.0011335355  -0.0009879890   0.0014157393
       -0.0000604988  -0.0000697389   0.0001611615   0.0002485116   0.0000487377
       -0.0005664219  -0.0000506071   0.0004809179   0.0006214820  -0.0001861734
       -0.0000826163  -0.0004529418  -0.0007210485  -0.0003461072   0.0000584529
        0.0006222897   0.0000373161   0.0000224107  -0.0000405207  -0.0004283545
       -0.0000611300  -0.0002481354  -0.0001180862   0.0008592239   0.0010646722
       -0.0008935816  -0.0005106671  -0.0008227995   0.0007941160  -0.0000896178
        0.0021131846   0.0025770630   0.0021161039  -0.0038007470  -0.0056078869
       -0.0069494672   0.0005699604   0.0006050401   0.0001982336  -0.0002717414
        0.0000141306  -0.0001794087   0.0003096940  -0.0002252642   0.0003525636
       -0.0000338475   0.0000562758   0.0000990184   0.0046706192   0.0160884165
       -0.0295574186  -0.0571477529  -0.1993017898   0.2771933393   0.0545037652
        0.1854537611  -0.2434085229
       -0.0004960386   0.0010698290   0.0010821604   0.0007387988  -0.0015438062
        0.0002905241  -0.0002393244   0.0018147081  -0.0015885979   0.0001919965
        0.0001623141   0.0001752227  -0.0003075967  -0.0003055891  -0.0013778778
        0.0000503481   0.0001215532   0.0003160423  -0.0005114816  -0.0001084442
        0.0000444493   0.0004459129  -0.0001064475  -0.0000504778  -0.0001438582
       -0.0001431160   0.0002171406   0.0001397986  -0.0000303671   0.0001636186
       -0.0000799334  -0.0000115525  -0.0001868826   0.0002443871  -0.0000742850
        0.0001012134   0.0001649645   0.0000719598  -0.0000321858  -0.0000592817
        0.0001012409  -0.0003528192   0.0000298118  -0.0000497529   0.0004958554
        0.0015157592   0.0004992034   0.0004624339  -0.0009369661   0.0003261344
       -0.0000211995   0.0001447793  -0.0001787029  -0.0003092358  -0.0000462769
       -0.0001449709   0.0001000978   0.0001386297  -0.0001620557  -0.0000895353
       -0.0001579552  -0.0001337381   0.0001423278  -0.0187949116  -0.0275823417
        0.0358147027  -0.0659495336  -0.0416525164   0.0545037652   0.0839179718
        0.0680607433  -0.0899007426
        0.0006207295  -0.0000684229  -0.0003226399  -0.0005371562  -0.0007131560
       -0.0005833503   0.0005901014   0.0001948587   0.0014019272   0.0000946695
       -0.0004250655  -0.0004865842  -0.0007078634   0.0001530122   0.0009961795
        0.0002895835   0.0001565509  -0.0004260164   0.0001605424   0.0000334157
        0.0001024442  -0.0001330492  -0.0003223084  -0.0001055435   0.0000930837
        0.0000451446   0.0000821724   0.0001645489   0.0001699142  -0.0000284053
       -0.0001091754  -0.0003978711   0.0000332537   0.0000834372   0.0003301471
        0.0000378469  -0.0000321527   0.0000891797  -0.0001898238  -0.0001196092
        0.0002767099   0.0003214685   0.0001506108  -0.0002218047  -0.0004984239
       -0.0000330295   0.0008862833   0.0004299040   0.0001081197  -0.0002317554
       -0.0000851829  -0.0001646833   0.0001195720  -0.0003068779  -0.0000127521
       -0.0000239788   0.0000788817  -0.0000708601  -0.0000104164  -0.0000852718
       -0.0000130483  -0.0000849068  -0.0000079044  -0.0029690098   0.0027622058
        0.0017988211  -0.0655137806  -0.1565811714   0.1854537611   0.0680607433
        0.1538638632  -0.1876106359
        0.0006450905  -0.0004352583   0.0002820300  -0.0005530333  -0.0003246426
       -0.0004712282   0.0000936844   0.0005865452   0.0004411450   0.0001493759
       -0.0005759344  -0.0003426523  -0.0005124048   0.0001920311  -0.0000690905
        0.0000380751   0.0001270944   0.0000954451   0.0000846126  -0.0000502161
        0.0000809179  -0.0001038802  -0.0002500891  -0.0000598474   0.0000989296
        0.0000496028   0.0000100533   0.0001580421   0.0002455881   0.0000257034
       -0.0003311430   0.0000752097   0.0000395766   0.0001411969   0.0000932042
        0.0000967682   0.0000497673   0.0002970355  -0.0001815689  -0.0001740288
       -0.0000951115   0.0003335181  -0.0000147955   0.0003213216  -0.0003536624
        0.0007113099   0.0015633083  -0.0015019244  -0.0000335914  -0.0004552366
        0.0007671938  -0.0006014719  -0.0004182985  -0.0003699936   0.0000617462
        0.0000719130  -0.0001733241  -0.0000869097   0.0000028079  -0.0000454965
       -0.0000232125   0.0000436259  -0.0000935648   0.0057583906   0.0037206602
       -0.0009173750   0.0843449924   0.1828254751  -0.2434085229  -0.0899007426
       -0.1876106359   0.2458158996
