           1           2  0.849131688245857     
           2           3  0.919479650857869     
           4           5  0.901552100547961     
           5           6  0.882165721664556     
           7           8  0.897569527034843     
           8           9  0.904607525292602     
          10          11  0.854738233349910     
          11          12  0.911025572155234     
          13          14  0.901446675084413     
          14          15  0.828287418528944     
          16          17  0.876219323522995     
          17          18  0.925520727662453     
          19          20  0.854594651247846     
          20          21  0.921042371301179     
          22          23  0.900180703459173     
          23          24  0.916097894621661     
