           1           2  0.848970454133652     
           2           3  0.919421161576550     
           4           5  0.899171423590028     
           5           6  0.885992763581194     
           7           8  0.888939058266501     
           8           9  0.903608345426489     
          10          11  0.838499752912544     
          11          12  0.912716910299954     
          13          14  0.891587445768433     
          14          15  0.821147069676962     
          16          17  0.848752615671751     
          17          18  0.928134232204980     
          19          20  0.860361354635282     
          20          21  0.920454256780862     
          22          23  0.822985421934751     
          23          24  0.923932649290762     
          25          26  0.967446245984685     
          25          27  0.955784457592821     
          25          28  0.975757736562146     
