           1           2  0.902486205839284     
           2           3  0.907099364100879     
           4           5  0.910447056201185     
           5           6  0.835026399610736     
           7           8  0.845909690228898     
           8           9  0.917800551831056     
          10          11  0.914345920717648     
          11          12  0.844078606821179     
          13          14  0.856847085214984     
          14          15  0.838387044224200     
          16          17  0.863076439131590     
          17          18  0.857613490299884     
          19          20  0.838937325586289     
          20          21  0.920601400412138     
          22          23  0.885572547558747     
          23          24  0.926521834064161     
          25          26  0.975319880044704     
          25          27  0.975815611407147     
          25          28  0.957753559836468     
