    0.31705313
   -0.64553275
    0.26745711
    0.32182304
   -0.60870156
    0.27389828
    0.29484439
   -0.61674535
    0.33132394
    0.31215598
   -0.59820556
    0.32119647
    0.31602324
   -0.62950104
    0.27978912
    0.27993497
   -0.61704498
    0.33561709
    0.28987951
   -0.59774484
    0.33586946
    0.25460469
   -0.60009331
    0.31630804
    0.32018934
   -0.63939532
    0.30459758
    0.30130965
   -0.56271632
    0.29823255
    0.30324171
   -0.57650913
    0.31714944
    0.30463425
   -0.59996792
    0.26565690
   -0.45518420
    0.17644581
    0.16518237
    0.14292418
