           1           2  0.824047359620960     
           2           3  0.915389957592032     
           4           5  0.808884611078549     
           5           6  0.920846028776828     
           7           8  0.907256061863341     
           8           9  0.828229528776598     
          10          11  0.896608632614194     
          11          12  0.846660126578471     
          13          14  0.832610983607539     
          14          15  0.904533826864934     
          16          17  0.918431510560851     
          17          18  0.828603756791339     
          19          20  0.911360623470957     
          20          21  0.835000045145518     
          22          23  0.934326242206682     
          23          24  0.854965334617603     
          25          26  0.825974859013830     
          26          27  0.873538175604063     
          28          29  0.905607186796671     
          29          30  0.906512551406321     
          31          32  0.906021521518629     
          32          33  0.889455656392410     
          34          35  0.862510956437810     
          35          36  0.928145411745381     
          37          38  0.957731794536866     
          37          39  0.965449366031982     
          37          40  0.977926459904920     
