$grad
  cycle =      1    SCF energy =   -40.61215180090   |dE/dxyz| =  0.095438
    3.02739129334200    -12.55777847537500     -6.09899509991800      H 
    2.59306806133900    -12.85739457591100     -7.88418011508000      O 
    4.24079046708800    -13.16566607836200     -8.64744180738200      H 
    4.98816043289500    -10.95684080850700     -2.98783084686700      H 
    3.42170569375600    -11.94268441324900     -2.84837655407100      O 
    2.06626843096500    -10.64410874453700     -2.66751997509600      H 
   -0.57371170632900    -14.19299720879100     -6.55145680637400      H 
   -1.91409308023700    -14.54360886676900     -5.33859962964800      O 
   -1.04720872277400    -14.78017087811200     -3.74880836797400      H 
    1.11689019220500    -15.35766840301500      1.18247279908600      H 
   -0.57486330604400    -15.89783831200700      0.63430009546500      O 
   -1.49113788559000    -15.98083893529800      2.25151184098800      H 
    5.68931648426700    -14.23793980629100      1.72410413652200      H 
    3.97107265117000    -13.60949007218000      1.76230220917200      O 
    3.79040890596400    -12.94426146765800     -0.00253857075600      H 
    7.81540509043800    -15.17331425224500     -2.19391523801300      H 
    8.70998129811500    -14.19441082114700     -0.88512581509900      O 
    9.54522718040300    -12.90471240817600     -1.90396136865200      H 
   -2.56189834082700    -13.17743667574300      0.13308306649800      H 
   -3.69419142841900    -11.74201662022700     -0.18916652170600      O 
   -4.83552653867900    -12.32889662506800     -1.49371710394500      H 
    4.88732859673900    -17.63915253466400     -4.53450444822700      H 
    6.65693172517200    -17.03699557628400     -4.81262666850100      O 
    6.58798587589700    -15.91056183141300     -6.25077785105900      H 
   9.3559200033421E-03   1.9181683532288E-03   6.9207491551150E-03
  -2.4650938207387E-02   2.4219525071754E-03  -6.5719435178335E-03
   1.4540504527279E-02  -2.2865105085003E-03   2.6696165300288E-03
   1.1001700479980E-02   8.4550613830112E-03  -3.3919663889859E-03
   2.5739216258914E-03  -3.8468223204638E-02   1.2816517801608E-02
  -1.2697895818826E-02   2.0427316775624E-02   3.7223705255246E-04
   9.6666363640794E-03   5.3420083757694E-04  -3.2960724088386E-03
  -1.2421576982769E-02  -1.1504791694037E-03   1.3776145105172E-03
   5.2349907534608E-03   1.4995190379670E-03   4.9902667774246E-04
   1.6495040333336E-03  -6.3721964243939E-04   4.0103784481994E-03
   2.9256676274616E-03  -2.0147236202389E-03  -2.4311932431869E-02
  -7.2697659946126E-03   3.1200206137413E-03   1.8112401621449E-02
   2.9204472468982E-03   1.1838812316481E-04  -4.7086120053124E-03
  -4.9657357638736E-03  -1.9047743755896E-03   1.8943262096182E-02
   2.0150884481997E-03   9.4391501637829E-03  -2.6727151641080E-02
  -5.5281374964270E-03   4.1275581226634E-03  -1.0866006498027E-02
   3.3997901465968E-03  -1.0515563628532E-02   2.3043926712904E-02
   6.6097471970311E-04   8.0090138137337E-03  -1.2990526884746E-02
   5.1791566816568E-03  -7.2874985047730E-03   3.9506835039202E-03
  -7.4914934073913E-04   8.1323969419755E-03   4.1544950801271E-03
  -5.6853820364915E-03  -3.0409902647866E-03  -4.6972438008596E-03
  -2.7746571661485E-02  -8.0536003215473E-03   3.5713780852296E-03
   3.0400611510781E-02   5.1182852184473E-04   6.6362390534142E-04
   1.9023913394696E-04   6.6450080449585E-03  -3.5444556033648E-03
$end
