           1           2  0.849814591078102     
           2           3  0.920197529182504     
           4           5  0.899344161527750     
           5           6  0.883266699677811     
           7           8  0.892343233719151     
           8           9  0.907855682471533     
          10          11  0.844534718019467     
          11          12  0.915197241386346     
          13          14  0.893094608669420     
          14          15  0.823208861209192     
          16          17  0.856269915404942     
          17          18  0.926389185722671     
          19          20  0.859178668196869     
          20          21  0.920494420267512     
          22          23  0.901656198029445     
          23          24  0.912366574164373     
