           1           2  0.902486024587514     
           2           3  0.907099320306937     
           4           5  0.910447230520111     
           5           6  0.835026435642814     
           7           8  0.845908310304956     
           8           9  0.917799481800428     
          10          11  0.914345591663384     
          11          12  0.844077382867889     
          13          14  0.856846380834398     
          14          15  0.838385452494087     
          16          17  0.863075040232291     
          17          18  0.857611926088141     
          19          20  0.838936484937113     
          20          21  0.920601814408551     
          22          23  0.885570469304892     
          23          24  0.926520121318703     
          25          26  0.975319435247374     
          25          27  0.975815210212465     
          25          28  0.957752741130599     
