$grad
  cycle =      1    SCF energy =   -40.62449578718   |dE/dxyz| =  0.081265
   18.17341525444400     -7.28064270181100      3.98833768308500      H 
   17.61465776648900     -6.84351414165700      2.26618776339000      O 
   19.10787551010300     -6.55676266034200      1.24722692979000      H 
   12.48165891843600     -7.37497665082700      0.52839130835000      H 
   13.46712280598900     -8.88301996191100      0.13436837774800      O 
   15.11934935814200     -8.43864315272300      0.88425333473000      H 
   14.14664493489400     -8.40833185496300     -3.09178928037000      H 
   14.44809132115400     -8.44592353738600     -4.93286942569000      O 
   12.98050758258500     -7.54958695349400     -5.61326216806500      H 
    7.57363554705200    -15.03420943513700     -1.95559589481800      H 
    8.38936759075000    -13.72250509267100     -0.95642857030600      O 
    9.43502970201800    -12.88210838217800     -2.24008297918500      H 
   12.67259234846800    -11.31130337824500     -5.20646253904500      H 
   11.20128157580000    -12.44055665065900     -5.19444511739700      O 
   11.80286603779800    -14.21752647531600     -5.16674138967800      H 
   11.83804599643300    -10.90458227081400      2.22421214040500      H 
   10.85120403604800    -12.08660466657100      3.27000201908600      O 
    9.79027971151000    -12.91447739271200      1.99281342994700      H 
   12.62201880171900    -17.43845086220900     -2.91366958467800      H 
   12.12101388030100    -17.39773484925000     -4.72302306554800      O 
   10.37718924042000    -17.94751182127600     -4.75757922950500      H 
   13.32690407233000    -11.75680547062600      6.12886399125000      H 
   14.13632962462800    -11.05897914330600      7.62316381200800      O 
   13.22850439638600     -9.46321808582400      7.88708402835000      H 
   5.9902389934739E-03  -3.5577700632329E-03   1.9047132774590E-02
  -1.2685601775702E-02   2.2396568086571E-03  -1.4472988135047E-02
   5.8868025387901E-03   1.9753422143776E-03  -5.2651998565594E-03
  -9.6239160652596E-04   1.1091547487028E-02   4.1637294542609E-03
  -4.7338212116128E-03  -2.3509680328745E-02  -7.3243544807647E-03
   5.3581539838253E-03   6.2237206513893E-03   3.2727434038309E-03
  -4.5269886193348E-03   5.2713027992273E-03   7.5241246327787E-03
   1.6853828340913E-02  -1.2246782777601E-02  -4.8508321970515E-03
  -1.3739229563947E-02   6.3904904582367E-03  -1.6078364530826E-03
  -7.1946301505802E-04  -7.7564029628200E-03  -1.1104554846918E-02
   1.7750932299975E-03   1.0549319301095E-02   1.8385980871252E-02
  -5.7470522515253E-04  -3.0425359336707E-03  -1.3155054815287E-03
   5.6241775805995E-03   8.9730611426256E-03   8.0439525029049E-04
  -3.5608587460762E-03   7.8082846218146E-03  -5.3820489853014E-03
   1.0759487189641E-03  -1.9486068173859E-02   4.5805347128708E-03
   5.6168771705709E-03   9.6005697182849E-03  -7.6500084680493E-03
  -2.5319937319281E-03  -3.7172221068317E-03   1.4099925160511E-02
  -4.9544662635908E-03  -3.8791490167451E-03  -1.1951372988579E-02
   4.8828792430863E-03  -3.6927063849030E-04   2.3400940643828E-02
   5.1431599403418E-04   7.4187789873172E-03  -2.7973742373379E-02
  -6.5626544256224E-03  -5.6336661481893E-04   1.9844356585166E-03
   5.9998233870697E-04   2.1236520496083E-03  -4.1302288521989E-03
   1.0128217409596E-02  -1.7592799699658E-02   5.8457068294753E-03
  -8.7543413580068E-03   1.6055322076812E-02  -8.0976273745497E-05
$end
