           1           2  0.902100684248743     
           2           3  0.907602923478117     
           4           5  0.910842058856389     
           5           6  0.834423111781857     
           7           8  0.844434133414764     
           8           9  0.917947987895504     
          10          11  0.916372752183303     
          11          12  0.845641489526122     
          13          14  0.852932838283566     
          14          15  0.846863808216879     
          16          17  0.865301952695600     
          17          18  0.863968397257836     
          19          20  0.905519466559654     
          20          21  0.910087748617958     
          22          23  0.884402663331182     
          23          24  0.927606732317644     
