    0.31605004
   -0.64545919
    0.26853522
    0.31737757
   -0.60441642
    0.27758860
    0.29430233
   -0.61796091
    0.33050541
    0.30984052
   -0.59681353
    0.32220482
    0.31246282
   -0.62831831
    0.28219516
    0.28083937
   -0.61809393
    0.33527073
    0.30584935
   -0.57215266
    0.32433520
    0.25425290
   -0.59688260
    0.31348708
    0.31593781
   -0.63705650
    0.30638139
    0.29976514
   -0.56122780
    0.29821294
    0.30524226
   -0.56956941
    0.30695830
    0.30523585
   -0.59934867
    0.26446912
