$grad
  cycle =      1    SCF energy =   -60.93459119883   |dE/dxyz| =  0.111940
   11.55924722521200     -2.25260430229100      2.54782016181800      H 
   10.48631049349500     -0.71536890142700      2.40844915596700      O 
   11.71497503788300      0.63485488213500      2.53835419643900      H 
   13.58591345017300     -5.70756122852700      8.89734488921900      H 
   12.15677811468200     -6.40623482524000      7.86800576379800      O 
   10.63628532379400     -5.72878092204000      8.72667845794400      H 
   15.69299205476500      2.91166730460800      2.86220366662400      H 
   15.69404608633500      1.16791050090600      3.45943547617600      O 
   16.21499636173700      0.11988129539200      2.02068506537700      H 
   15.49156835579100     -2.17673478627700     -1.50822371745900      H 
   16.99519185906600     -1.52685460589500     -0.61974561977200      O 
   18.32288113049600     -2.77653337620700     -0.90206014243900      H 
   18.33638092995100     -7.84480177710800      3.95160772631700      H 
   17.75343276470500     -7.18744302361700      2.28831061088200      O 
   19.20347366509600     -6.94681948747600      1.20216438300500      H 
   12.66444929812500      0.44271700549300      8.39440859514100      H 
   14.44030714464900      0.98711051884100      8.32328229259600      O 
   14.96575176261300      0.60893395475700      6.58621466693800      H 
   15.22300675740600     -3.64525464405600     11.71013677284100      H 
   16.04521024060400     -4.63543833778100     10.38376331933000      O 
   16.96686531505900     -3.42410087993400      9.30424502686700      H 
   15.45480046165500      1.11270554018000     14.15017612010100      H 
   16.06853118974800      2.38066288504100     12.98444358813100      O 
   15.63831894479700      1.65787442866500     11.32153048926600      H 
   12.82261580446000     -5.23850893834700      5.03785929091300      H 
   13.11855326882200     -4.83687036795900      3.22693241001000      O 
   14.91745755873100     -5.06085779722400      2.93655623491000      H 
   19.69630472904200     -5.18838484897400     -3.59550387545400      H 
   20.59687640166200     -5.17353383380200     -1.94180712890800      O 
   22.23800336903000     -4.50482938444600     -2.35964041274300      H 
   17.25451819331600     -9.97470849717600      7.17357142634700      H 
   18.72009327317800     -8.84501080449600      6.95666560592100      O 
   18.46409615538400     -7.61446800260900      8.28878394052000      H 
   18.02901774111100      1.60459552872100     -1.41862386836900      H 
   18.18828922885600      3.44720254502900     -1.52383486953900      O 
   18.74453175805800      3.72482524705100     -3.24543675179600      H 
   1.2362635491600E-02  -6.0441671745487E-03   2.4914668250987E-04
  -1.3099377789317E-02  -1.0710378316539E-03  -2.5621645677754E-04
   4.7706880162531E-03   2.6428959332884E-03  -3.8294487834525E-04
   1.0742871495160E-02   1.1809214113218E-02   1.2920488022555E-02
   1.2160659937946E-02  -1.7220529845934E-02  -3.1260765634293E-02
  -1.7242443049250E-02   1.1390323219564E-02   1.5688096471482E-02
  -2.7945989897478E-03   1.3596118678706E-02  -3.7119605870808E-03
   3.2611013263409E-04  -8.9460351640660E-03   9.9232283009838E-03
   2.4262667896133E-03  -5.1178669570786E-03  -8.7703781979742E-03
  -1.3141154364143E-02  -6.6843074991446E-03  -1.3872142733155E-02
   1.0144107641870E-02   1.3331599394333E-02   2.1514058140674E-02
   3.1826316061526E-03   8.5473766057586E-05  -6.6817001696722E-03
   3.5498913226899E-03  -6.3036146070761E-03   1.8199256752459E-02
  -7.9199934548294E-03  -9.6045428511596E-05  -7.4886957327556E-03
   5.1244537880115E-03   2.3150053935424E-03  -6.4615611407880E-03
  -1.6587631322663E-02  -8.8746108543468E-03   2.5968921300777E-03
   1.9062286241684E-02   2.2120603071387E-02   1.0960305162723E-03
  -2.7706304419872E-04  -9.1126252759272E-03  -2.8781588240498E-03
  -9.1249041320398E-03   6.2263744199788E-03   9.8569420545265E-03
  -8.8340718397320E-03  -2.3174216397465E-02  -2.5881211835744E-03
   1.0285620007143E-02   9.2767996801985E-03  -1.0921125561383E-02
  -2.9665479875162E-03  -8.0741119560215E-03  -2.8768096521534E-04
   5.5799166159943E-03   1.9312965360007E-02   3.4551427491929E-03
  -3.8694631989581E-03  -1.4705696940745E-02  -5.5882452832191E-03
   4.0087802665009E-05   1.9347647458872E-03   1.9600360432989E-02
  -8.1183514490210E-03  -1.2220925754673E-03  -1.1416080975599E-02
   4.6149932722702E-03   5.3516731907434E-03   9.6602095835083E-04
  -1.0228593678555E-02   5.0801252639441E-03  -2.3531135016620E-02
   8.6094269016878E-03  -7.4076906392558E-03   3.1836203413931E-02
  -4.0916194204700E-04   1.8647896663775E-03  -5.1104542824124E-03
  -1.5463250050310E-02  -9.1870300539540E-03   6.3811862139821E-03
   1.9252395763114E-02   9.3690270411767E-03  -1.7067223068638E-02
  -2.9919374338871E-03   1.0951882968858E-03   4.7027395494154E-03
   2.6474093017491E-03  -9.1734833073935E-03  -5.4702294183708E-03
  -4.5471648413148E-03   9.0920807757776E-03   1.3308158955849E-02
   2.7332564392921E-03  -3.4798595024851E-03  -8.5491312353260E-03
$end
