           1           2  0.825277658720028     
           2           3  0.914443375043933     
           4           5  0.817054371325185     
           5           6  0.918821567521736     
           7           8  0.908238874869461     
           8           9  0.829418959135298     
          10          11  0.898082443763111     
          11          12  0.846174068145614     
          13          14  0.838488024609073     
          14          15  0.903484239436007     
          16          17  0.918024973194421     
          17          18  0.829518476763653     
          19          20  0.901964357470040     
          20          21  0.889158052520420     
          22          23  0.934527966063421     
          23          24  0.856683334043515     
          25          26  0.829871062377521     
          26          27  0.872074757397118     
          28          29  0.906557534462571     
          29          30  0.906561539558106     
          31          32  0.904896875874723     
          32          33  0.897009246375671     
          34          35  0.862204061655598     
          35          36  0.928782771846442     
