    0.31705376
   -0.64553473
    0.26745855
    0.32182387
   -0.60870341
    0.27389947
    0.29484431
   -0.61674623
    0.33132467
    0.31215548
   -0.59820678
    0.32119828
    0.31602259
   -0.62950258
    0.27979097
    0.27993553
   -0.61704657
    0.33561810
    0.28988237
   -0.59774434
    0.33586600
    0.25460575
   -0.60009458
    0.31630835
    0.32018936
   -0.63939727
    0.30459975
    0.30131063
   -0.56271786
    0.29823266
    0.30324243
   -0.57650919
    0.31714896
    0.30463509
   -0.59996898
    0.26565730
   -0.45518685
    0.17644666
    0.16518338
    0.14292507
