           1           2  0.824046613462070     
           2           3  0.915389963188490     
           4           5  0.808884175866441     
           5           6  0.920846080280770     
           7           8  0.907256319140655     
           8           9  0.828229178199957     
          10          11  0.896608567018678     
          11          12  0.846660416290620     
          13          14  0.832610251596337     
          14          15  0.904534131744192     
          16          17  0.918431670590121     
          17          18  0.828603159214906     
          19          20  0.911361257940559     
          20          21  0.834999396421569     
          22          23  0.934326268190737     
          23          24  0.854964455124110     
          25          26  0.825974497374890     
          26          27  0.873538211319310     
          28          29  0.905607294531179     
          29          30  0.906512504144999     
          31          32  0.906021806745559     
          32          33  0.889455323681196     
          34          35  0.862510634265614     
          35          36  0.928145271054945     
          37          38  0.957731811566381     
          37          39  0.965449371948701     
          37          40  0.977926603408524     
