           1           2  0.901989662121267     
           2           3  0.907762576790395     
           4           5  0.909730482585160     
           5           6  0.833138008678757     
           7           8  0.840269335933429     
           8           9  0.918272424055028     
          10          11  0.914155636260824     
          11          12  0.856622614158815     
          13          14  0.845424535393073     
          14          15  0.873202791179958     
          16          17  0.859462296935202     
          17          18  0.885826771696137     
          19          20  0.885978815155174     
          20          21  0.918099412489574     
          22          23  0.880040765846078     
          23          24  0.927850007876606     
