    0.31312511
   -0.65398630
    0.27484728
    0.31434267
   -0.60145252
    0.27694597
    0.30137036
   -0.60642854
    0.34002248
    0.31193786
   -0.59818263
    0.32356171
    0.31582165
   -0.62658186
    0.28165755
    0.28747557
   -0.63004921
    0.34658814
    0.28647496
   -0.59886850
    0.33455621
    0.25920101
   -0.59103912
    0.31017369
    0.31396804
   -0.64108039
    0.30825703
    0.30099561
   -0.56134752
    0.29892403
    0.29995306
   -0.57583676
    0.31474312
    0.30541760
   -0.60132647
    0.26581909
