           1           2  0.832601337326828     
           2           3  0.896983288981907     
           4           5  0.825686093350361     
           5           6  0.919200184553578     
           7           8  0.902872186609551     
           8           9  0.818278478225898     
          10          11  0.897174824787835     
          11          12  0.842315513978943     
          13          14  0.836883933792848     
          14          15  0.903258777915316     
          16          17  0.914254231524067     
          17          18  0.792553723549158     
          19          20  0.913071601024191     
          20          21  0.833158379607365     
          22          23  0.931822699154130     
          23          24  0.869410450845021     
          25          26  0.837545608786097     
          26          27  0.864338728813475     
          28          29  0.905886970616445     
          29          30  0.905987638900293     
          31          32  0.908351751949295     
          32          33  0.887492552280767     
          34          35  0.861217557194019     
          35          36  0.928060615699502     
