           1           2  0.848968785573735     
           2           3  0.919420043558794     
           4           5  0.899171301528932     
           5           6  0.885992821508966     
           7           8  0.888937824963661     
           8           9  0.903606974630592     
          10          11  0.838498909678160     
          11          12  0.912716322113476     
          13          14  0.891586079957587     
          14          15  0.821145642646934     
          16          17  0.848750261686008     
          17          18  0.928133214827354     
          19          20  0.860359695348114     
          20          21  0.920452661304177     
          22          23  0.822983996049128     
          23          24  0.923932352509841     
          25          26  0.967445620047911     
          25          27  0.955783832785262     
          25          28  0.975757103258102     
